time,SUP,ECRL,ECRB,ECU,FCR,FCU,PQ,SUP_min,ECRL_min,ECRB_min,ECU_min,FCR_min,FCU_min,PQ_min,SUP_max,ECRL_max,ECRB_max,ECU_max,FCR_max,FCU_max,PQ_max,SUP_exc,ECRL_exc,ECRB_exc,ECU_exc,FCR_exc,FCU_exc,PQ_exc,SUP_act,ECRL_act,ECRB_act,ECU_act,FCR_act,FCU_act,PQ_act,wrist_hand_r3_pos,wrist_hand_r3_vel
0.01,-583887040.0,-0.1012288853526115,0.0586629509925842,-0.0214183405041694,-0.1030452996492385,-0.0905978377996107,-3253543632896.0,0.01,0.01,0.01,0.01,0.01,0.01,0.01,1.0,1.0,1.0,1.0,1.0,1.0,1.0,0.01,0.01,0.05866295,0.01,0.01,0.01,0.01,0.49443513,0.049894735,0.049243003,0.010013245,0.01666069,0.026661983,0.19986868,-0.217649562354325,0.9873806560356168
0.02,-583887040.0,-0.1006456315517425,0.0133713232353329,-0.0039786957204341,-0.1246726512908935,-0.129366631192826,-3253543632896.0,0.01,0.01,0.01,0.01,0.01,0.01,0.01,1.0,1.0,1.0,1.0,1.0,1.0,1.0,0.01,0.01,0.013371323,0.01,0.01,0.01,0.01,0.49443513,0.045552813,0.047241382,0.01001194,0.015993103,0.02494858,0.19986868,-0.2081093721852699,0.911024582533317
0.03,-583887040.0,-0.1052157208323478,0.057473000138998,-0.0008936040103435,-0.1372920274734497,-0.1561288643585645,-3253543632896.0,0.01,0.01,0.01,0.01,0.01,0.01,0.01,1.0,1.0,1.0,1.0,1.0,1.0,1.0,0.01,0.01,0.057473,0.01,0.01,0.01,0.01,0.49443513,0.04172313,0.053797796,0.010010765,0.015393473,0.023418028,0.19986868,-0.1998103473050516,0.7612051004608466
0.04,-583887040.0,-0.1006904237115587,0.0633168444037437,-0.005533829331398,-0.138929009437561,-0.1668503043397457,-3253543632896.0,0.01,0.01,0.01,0.01,0.01,0.01,0.01,1.0,1.0,1.0,1.0,1.0,1.0,1.0,0.01,0.01,0.063316844,0.01,0.01,0.01,0.01,0.49443513,0.038313735,0.060220372,0.010009698,0.014851385,0.022040807,0.19986868,-0.1932724519810003,0.5879814597708679
0.05,-583887040.0,-0.0545242061350746,0.0648824796080589,-0.0140132047235965,-0.1322367787361145,-0.1798879212803589,-3253543632896.0,0.01,0.01,0.01,0.01,0.01,0.01,0.01,1.0,1.0,1.0,1.0,1.0,1.0,1.0,0.01,0.01,0.06488248,0.01,0.01,0.01,0.01,0.49443513,0.035295527,0.063474625,0.010008737,0.014364389,0.0208091,0.19986868,-0.1884631957304028,0.4189915774126948
0.06,-583887040.0,-0.0089489181144014,0.0695577710866928,-0.02219944819808,-0.1223648786544799,-0.212400289716988,-3253543632896.0,0.01,0.01,0.01,0.01,0.01,0.01,0.01,1.0,1.0,1.0,1.0,1.0,1.0,1.0,0.01,0.01,0.06955777,0.01,0.01,0.01,0.01,0.49443513,0.032631293,0.06740586,0.010007875,0.013928632,0.019711575,0.19986868,-0.185105792634996,0.2826594404316509
0.07,-583887040.0,0.0432344751239335,0.0664835572242736,-0.0290391482412815,-0.1126575693488121,-0.2601882292759975,-3253543632896.0,0.01,0.01,0.01,0.01,0.01,0.01,0.01,1.0,1.0,1.0,1.0,1.0,1.0,1.0,0.01,0.043234475,0.06648356,0.01,0.01,0.01,0.01,0.49443513,0.035297886,0.06775243,0.010007098,0.013537041,0.018728822,0.19986868,-0.1828596250244716,0.1897662882113744
0.08,-583887040.0,0.0822050465436284,0.0680292025208473,-0.0347433388233184,-0.1040435656905174,-0.3201266341845609,-3253543632896.0,0.01,0.01,0.01,0.01,0.01,0.01,0.01,1.0,1.0,1.0,1.0,1.0,1.0,1.0,0.01,0.08220505,0.0680292,0.01,0.01,0.01,0.01,0.49443513,0.057418775,0.06791346,0.010006399,0.013185607,0.017849723,0.19986868,-0.1813125882005878,0.1286749998912211
0.09,-583887040.0,0.1034754257907692,0.0665521696209907,-0.038915004581213,-0.0975154116749763,-0.3901894275649984,-3253543632896.0,0.01,0.01,0.01,0.01,0.01,0.01,0.01,1.0,1.0,1.0,1.0,1.0,1.0,1.0,0.01,0.10347543,0.06655217,0.01,0.01,0.01,0.01,0.49443513,0.07834109,0.06779494,0.010005769,0.012869561,0.01706141,0.19986868,-0.1804561139519193,0.0432674164027365
0.1,-583887040.0,0.156646368072199,0.0633358359336853,-0.0428093038499355,-0.0915862619876861,-0.3896414339542389,-3253543632896.0,0.01,0.01,0.01,0.01,0.01,0.01,0.01,1.0,1.0,1.0,1.0,1.0,1.0,1.0,0.01,0.15664637,0.063335836,0.01,0.01,0.01,0.01,0.49443513,0.118964024,0.06734149,0.010005201,0.012584747,0.0163528,0.19986868,-0.1807836446344669,-0.1036892567505788
0.1100000000000001,-583887040.0,0.1599090923326671,0.0569788366556167,-0.0480748042464256,-0.0835327133536338,-0.3826789855957031,-3253543632896.0,0.01,0.01,0.01,0.01,0.01,0.01,0.01,1.0,1.0,1.0,1.0,1.0,1.0,1.0,0.01,0.1599091,0.056978837,0.01,0.01,0.01,0.01,0.49443513,0.14243405,0.06624512,0.010004689,0.012328528,0.015716814,0.19986868,-0.1830988641216729,-0.3448161657723792
0.1200000000000001,-583887040.0,0.182806695649684,0.0462630577385425,-0.0567569881677627,-0.0744545608758926,-0.3734937310218811,-3253543632896.0,0.01,0.01,0.01,0.01,0.01,0.01,0.01,1.0,1.0,1.0,1.0,1.0,1.0,1.0,0.01,0.1828067,0.046263058,0.01,0.01,0.01,0.01,0.49443513,0.16779669,0.0641455,0.010004227,0.012097762,0.015145187,0.19986868,-0.1881567849443536,-0.6318214309530555
0.1299999999999999,-583887040.0,0.1726038165815833,0.0293050576001405,-0.0761220455169677,-0.0536308661103248,-0.3513648211956024,-3253543632896.0,0.01,0.01,0.01,0.01,0.01,0.01,0.01,1.0,1.0,1.0,1.0,1.0,1.0,1.0,0.01,0.17260382,0.029305058,0.01,0.01,0.01,0.01,0.49443513,0.17696525,0.06059784,0.01000381,0.011889321,0.014629802,0.19986868,-0.1961395536933724,-0.904990438953356
0.1399999999999999,-583887040.0,0.1618565459751111,0.0033162385225296,-0.1000423729419708,-0.0104211941361427,-0.3058042228221893,-3253543632896.0,0.01,0.01,0.01,0.01,0.01,0.01,0.01,1.0,1.0,1.0,1.0,1.0,1.0,1.0,0.01,0.16185655,0.01,0.01,0.01,0.01,0.01,0.49443513,0.17736079,0.055374876,0.010003434,0.011701696,0.014166671,0.19986868,-0.2065661657089617,-1.1269517461271557
0.1499999999999999,-583887040.0,0.1404770788469486,-0.0228506177663803,-0.1232177466154098,0.027705579996109,-0.266088604927063,-3253543632896.0,0.01,0.01,0.01,0.01,0.01,0.01,0.01,1.0,1.0,1.0,1.0,1.0,1.0,1.0,0.01,0.14047708,0.01,0.01,0.02770558,0.01,0.01,0.49443513,0.17366841,0.050370708,0.010003095,0.022554006,0.0137516325,0.19986868,-0.2187125902125985,-1.2580864400516767
0.1599999999999999,-583887040.0,0.1156434202231731,-0.050217468291521,-0.1408795565366745,-0.0625659823417663,-0.247794508934021,-3253543632896.0,0.01,0.01,0.01,0.01,0.01,0.01,0.01,1.0,1.0,1.0,1.0,1.0,1.0,1.0,0.01,0.11564342,0.01,0.01,0.01,0.01,0.01,0.49443513,0.1667886,0.04597398,0.01000279,0.02213864,0.013378603,0.19986868,-0.2310694121540821,-1.1874432225704818
0.1699999999999999,-583887040.0,0.0978173459945188,-0.0724261850118637,-0.1495566517114639,-0.0104940272867679,-0.2467133551836013,-3253543632896.0,0.01,0.01,0.01,0.01,0.01,0.01,0.01,1.0,1.0,1.0,1.0,1.0,1.0,1.0,0.01,0.09781735,0.01,0.01,0.01,0.01,0.01,0.49443513,0.15807347,0.04209479,0.010002515,0.0209046,0.013042853,0.19986868,-0.2417898778724889,-0.9734301149971192
0.1799999999999999,-583887040.0,0.0921177883871336,-0.0819289311766624,-0.1472943723201751,0.0485518313944339,-0.2462184487182279,-3253543632896.0,0.01,0.01,0.01,0.01,0.01,0.01,0.01,1.0,1.0,1.0,1.0,1.0,1.0,1.0,0.01,0.09211779,0.01,0.01,0.04855183,0.01,0.01,0.49443513,0.14939786,0.03866992,0.010002268,0.040050104,0.012741038,0.19986868,-0.2501813741878543,-0.7186876209705947
0.1899999999999999,-583887040.0,0.0791512839612659,-0.0796471461653709,-0.1323021054267883,-0.054505206644535,-0.2047566639935473,-3253543632896.0,0.01,0.01,0.01,0.01,0.01,0.01,0.01,1.0,1.0,1.0,1.0,1.0,1.0,1.0,0.01,0.07915129,0.01,0.01,0.01,0.01,0.01,0.49443513,0.14101902,0.035632197,0.010002045,0.038638454,0.012469092,0.19986868,-0.2554613338222801,-0.3713175158875439
0.1999999999999999,-583887040.0,0.0469924921272807,-0.0662387236952781,-0.1195190846920013,-0.0321019925177097,-0.1698452369627071,-3253543632896.0,0.01,0.01,0.01,0.01,0.01,0.01,0.01,1.0,1.0,1.0,1.0,1.0,1.0,1.0,0.01,0.046992492,0.01,0.01,0.01,0.01,0.01,0.49443513,0.13069075,0.032932837,0.010001843,0.03560015,0.01222401,0.19986868,-0.2571208835589308,-0.0242878885317975
0.2099999999999999,-583887040.0,0.0050893295920093,-0.044323980808258,-0.1005403399467468,-0.0216401983052492,-0.1304363628533298,-3253543632896.0,0.01,0.01,0.01,0.01,0.01,0.01,0.01,1.0,1.0,1.0,1.0,1.0,1.0,1.0,0.01,0.01,0.01,0.01,0.01,0.01,0.01,0.49443513,0.11725536,0.03053916,0.010001661,0.032910433,0.012003839,0.19986868,-0.2558640757696557,0.2258050223400839
0.2199999999999999,-583887040.0,-0.0504946098942783,-0.0208959281444549,-0.0826647281646728,-0.0236617662012577,-0.0788104031074053,-3253543632896.0,0.01,0.01,0.01,0.01,0.01,0.01,0.01,1.0,1.0,1.0,1.0,1.0,1.0,1.0,0.01,0.01,0.01,0.01,0.01,0.01,0.01,0.49443513,0.10378816,0.028409814,0.010001498,0.030521236,0.011805729,0.19986868,-0.2528540273658835,0.3434126278163336
0.2299999999999999,-583887040.0,-0.1111998110997579,-0.0048923837020993,-0.0716976448893547,-0.0317556783556938,-0.0153788214683918,-3253543632896.0,0.01,0.01,0.01,0.01,0.01,0.01,0.01,1.0,1.0,1.0,1.0,1.0,1.0,1.0,0.01,0.01,0.01,0.01,0.01,0.01,0.01,0.49443513,0.0923058,0.026509004,0.010001351,0.028391192,0.011627096,0.19986868,-0.2492515202773196,0.3643072961311931
0.24,-583887040.0,-0.1044191271066665,0.0147317256778478,-0.0623831860721111,-0.0397567376494407,0.0395665793484792,-3253543632896.0,0.01,0.01,0.01,0.01,0.01,0.01,0.01,1.0,1.0,1.0,1.0,1.0,1.0,1.0,0.01,0.01,0.014731726,0.01,0.01,0.03956658,0.01,0.49443513,0.082468346,0.025216924,0.010001218,0.02649281,0.023285188,0.19986868,-0.2456283378785149,0.3641007397068662
0.25,-583887040.0,-0.1029482781887054,0.0286342352628707,-0.0553309991955757,-0.0462094470858573,-0.0369534667131419,-3253543632896.0,0.01,0.01,0.01,0.01,0.01,0.01,0.01,1.0,1.0,1.0,1.0,1.0,1.0,1.0,0.01,0.01,0.028634235,0.01,0.01,0.01,0.01,0.49443513,0.07398792,0.027528139,0.010001098,0.02479878,0.024338366,0.19986868,-0.2416779502364222,0.4334004178967768
0.26,-583887040.0,-0.1061791107058525,0.0161229949444532,-0.0547404736280441,-0.0524329952895641,-0.0057789705269425,-3253543632896.0,0.01,0.01,0.01,0.01,0.01,0.01,0.01,1.0,1.0,1.0,1.0,1.0,1.0,1.0,0.01,0.01,0.016122995,0.01,0.01,0.01,0.01,0.49443513,0.06659685,0.026749441,0.01000099,0.023278559,0.022867177,0.19986868,-0.236608703490306,0.5581717133669737
0.27,-583887040.0,-0.1073583960533142,0.0385390445590019,-0.0407692492008209,-0.0645088255405426,-0.0138018961699705,-3253543632896.0,0.01,0.01,0.01,0.01,0.01,0.01,0.01,1.0,1.0,1.0,1.0,1.0,1.0,1.0,0.01,0.01,0.038539045,0.01,0.01,0.01,0.01,0.49443513,0.060168017,0.034490902,0.010000892,0.021919994,0.021552093,0.19986868,-0.2302626492562028,0.6825110922523383
0.28,-583887040.0,-0.1072839051485061,0.0126318736001849,-0.0366552956402301,-0.0794647857546806,-0.0470503188650845,-3253543632896.0,0.01,0.01,0.01,0.01,0.01,0.01,0.01,1.0,1.0,1.0,1.0,1.0,1.0,1.0,0.01,0.01,0.012631874,0.01,0.01,0.01,0.01,0.49443513,0.054570463,0.033334292,0.0100008035,0.020707924,0.020378543,0.19986868,-0.222972824923639,0.7544264055050869
0.29,-583887040.0,-0.1078840345144271,0.0504350587725639,-0.0250663869082927,-0.0948677361011505,-0.087015066794567,-3253543632896.0,0.01,0.01,0.01,0.01,0.01,0.01,0.01,1.0,1.0,1.0,1.0,1.0,1.0,1.0,0.01,0.01,0.05043506,0.01,0.01,0.01,0.01,0.49443513,0.049665403,0.04464031,0.010000724,0.019623233,0.01932811,0.19986868,-0.215256976653538,0.7769023197809972
0.3,-583887040.0,-0.110058918595314,0.0267075300216674,-0.0159881301224231,-0.1082642674446106,-0.1224546541100319,-3253543632896.0,0.01,0.01,0.01,0.01,0.01,0.01,0.01,1.0,1.0,1.0,1.0,1.0,1.0,1.0,0.01,0.01,0.02670753,0.01,0.01,0.01,0.01,0.49443513,0.04534492,0.044151347,0.010000654,0.018650135,0.018385574,0.19986868,-0.2076812836283278,0.7337809564533061
0.31,-583887040.0,-0.1144298464059829,0.060413435101509,-0.0131269916892051,-0.1174207776784896,-0.1469632511838943,-3253543632896.0,0.01,0.01,0.01,0.01,0.01,0.01,0.01,1.0,1.0,1.0,1.0,1.0,1.0,1.0,0.01,0.01,0.060413435,0.01,0.01,0.01,0.01,0.49443513,0.04153784,0.054666787,0.010000588,0.01777832,0.017541004,0.19986868,-0.2007784463490382,0.6530300721897082
0.32,-583887040.0,-0.1000093134042376,0.0458310768008232,-0.0144097805023193,-0.1211994588375091,-0.1583175118514562,-3253543632896.0,0.01,0.01,0.01,0.01,0.01,0.01,0.01,1.0,1.0,1.0,1.0,1.0,1.0,1.0,0.01,0.01,0.045831077,0.01,0.01,0.01,0.01,0.49443513,0.038153406,0.055341035,0.010000531,0.01699233,0.01677947,0.19986868,-0.1949143116918756,0.5410551739093924
0.33,-583887040.0,-0.0499930666311692,0.0656061545014381,-0.0186655856668949,-0.1199009865522384,-0.178618156561412,-3253543632896.0,0.01,0.01,0.01,0.01,0.01,0.01,0.01,1.0,1.0,1.0,1.0,1.0,1.0,1.0,0.01,0.01,0.065606155,0.01,0.01,0.01,0.01,0.49443513,0.03515348,0.061737996,0.010000478,0.016286436,0.016095446,0.19986868,-0.1902290035258433,0.4275047004886713
0.3400000000000001,-583887040.0,-0.0001425610011425,0.058774247765541,-0.0238840691745281,-0.1152307391166687,-0.2178326249535311,-3253543632896.0,0.01,0.01,0.01,0.01,0.01,0.01,0.01,1.0,1.0,1.0,1.0,1.0,1.0,1.0,0.01,0.01,0.058774248,0.01,0.01,0.01,0.01,0.49443513,0.032493114,0.06247547,0.010000431,0.015652984,0.01548155,0.19986868,-0.1865845049584161,0.3284228740555659
0.3500000000000001,-583887040.0,0.0556888861371579,0.0664748847484588,-0.0287519916892051,-0.1094385981559753,-0.2711690110054529,-3253543632896.0,0.01,0.01,0.01,0.01,0.01,0.01,0.01,1.0,1.0,1.0,1.0,1.0,1.0,1.0,0.01,0.055688888,0.066474885,0.01,0.01,0.01,0.01,0.49443513,0.04094836,0.06489339,0.010000388,0.015086973,0.014932951,0.19986868,-0.1837515155918334,0.2550433462601252
0.3600000000000001,-583887040.0,0.0856358331168315,0.0647907629609108,-0.0326165631413459,-0.1041702479124069,-0.3357002817345981,-3253543632896.0,0.01,0.01,0.01,0.01,0.01,0.01,0.01,1.0,1.0,1.0,1.0,1.0,1.0,1.0,0.01,0.08563583,0.06479076,0.01,0.01,0.01,0.01,0.49443513,0.062180124,0.06528761,0.01000035,0.0145781655,0.014439749,0.19986868,-0.1816057747648199,0.1811382339004401
0.3700000000000001,-583887040.0,0.1164984067897531,0.0658177435398101,-0.0361458212137222,-0.0992415398359298,-0.401496022939682,-3253543632896.0,0.01,0.01,0.01,0.01,0.01,0.01,0.01,1.0,1.0,1.0,1.0,1.0,1.0,1.0,0.01,0.1164984,0.06581774,0.01,0.01,0.01,0.01,0.49443513,0.088145405,0.06561661,0.0100003155,0.014122171,0.013997701,0.19986868,-0.1804229460448539,0.0573006237998716
0.3799999999999999,-583887040.0,0.1600207026311297,0.0626893416047096,-0.0406153947114944,-0.0930872932076454,-0.3951002359390259,-3253543632896.0,0.01,0.01,0.01,0.01,0.01,0.01,0.01,1.0,1.0,1.0,1.0,1.0,1.0,1.0,0.01,0.16002071,0.06268934,0.01,0.01,0.01,0.01,0.49443513,0.1257082,0.06536551,0.010000285,0.01371169,0.013599744,0.19986868,-0.1808978151085773,-0.1410966043636303
0.3899999999999999,-583887040.0,0.169532848772028,0.0551460199058055,-0.0474848002195358,-0.0830560475587844,-0.3847960233688354,-3253543632896.0,0.01,0.01,0.01,0.01,0.01,0.01,0.01,1.0,1.0,1.0,1.0,1.0,1.0,1.0,0.01,0.16953285,0.05514602,0.01,0.01,0.01,0.01,0.49443513,0.15125959,0.06431841,0.010000256,0.013342546,0.01324184,0.19986868,-0.1838362387147876,-0.4222773039954795
0.3999999999999999,-583887040.0,0.1830808514185086,0.0425395183265209,-0.0587810948491096,-0.071700133383274,-0.3733142614364624,-3253543632896.0,0.01,0.01,0.01,0.01,0.01,0.01,0.01,1.0,1.0,1.0,1.0,1.0,1.0,1.0,0.01,0.18308085,0.04253952,0.01,0.01,0.01,0.01,0.49443513,0.17222759,0.06208442,0.010000231,0.013010205,0.012919597,0.19986868,-0.1898109272400212,-0.7272033854967191
0.4099999999999999,-583887040.0,0.1738559293720806,0.0219229087233543,-0.081319011747837,-0.044789832085371,-0.3459537029266357,-3253543632896.0,0.01,0.01,0.01,0.01,0.01,0.01,0.01,1.0,1.0,1.0,1.0,1.0,1.0,1.0,0.01,0.17385593,0.021922909,0.01,0.01,0.01,0.01,0.49443513,0.17967334,0.057995077,0.010000208,0.012710853,0.012629325,0.19986868,-0.1986862880110303,-0.9948353076262808
0.4199999999999999,-583887040.0,0.158843835143824,-0.0047156773507595,-0.1066910326480865,0.0042415335774421,-0.2951658368110657,-3253543632896.0,0.01,0.01,0.01,0.01,0.01,0.01,0.01,1.0,1.0,1.0,1.0,1.0,1.0,1.0,0.01,0.15884383,0.01,0.01,0.01,0.01,0.01,0.49443513,0.1783641,0.052902438,0.010000188,0.012441483,0.012368113,0.19986868,-0.2099020795307016,-1.2032503038830615
0.4299999999999999,-583887040.0,0.1359326585403666,-0.0324052348732948,-0.1298373341560363,0.0378428846597671,-0.2606536149978637,-3253543632896.0,0.01,0.01,0.01,0.01,0.01,0.01,0.01,1.0,1.0,1.0,1.0,1.0,1.0,1.0,0.01,0.13593265,0.01,0.01,0.037842885,0.01,0.01,0.49443513,0.1737995,0.04820738,0.010000169,0.030102095,0.012133721,0.19986868,-0.2226319188653846,-1.2981781132235457
0.4399999999999999,-583887040.0,0.1107867659899747,-0.0604116208851337,-0.1461069881916046,-0.0775783509016037,-0.2449863851070404,-3253543632896.0,0.01,0.01,0.01,0.01,0.01,0.01,0.01,1.0,1.0,1.0,1.0,1.0,1.0,1.0,0.01,0.110786766,0.01,0.01,0.01,0.01,0.01,0.49443513,0.16613506,0.04407198,0.0100001525,0.029182853,0.01192266,0.19986868,-0.235000363576617,-1.150517243427971
0.4499999999999999,-583887040.0,0.0952193986220625,-0.0801980197429657,-0.1393523812294006,-0.0287471245974302,-0.2496021389961242,-3253543632896.0,0.01,0.01,0.01,0.01,0.01,0.01,0.01,1.0,1.0,1.0,1.0,1.0,1.0,1.0,0.01,0.095219396,0.01,0.01,0.01,0.01,0.01,0.49443513,0.15703414,0.0404157,0.010000138,0.02719812,0.011732377,0.19986868,-0.2447925876715951,-0.8328524313644304
0.4599999999999999,-583887040.0,0.092293762342404,-0.083199068903923,-0.1372921764850616,0.0302904434502124,-0.2346947872435703,-3253543632896.0,0.01,0.01,0.01,0.01,0.01,0.01,0.01,1.0,1.0,1.0,1.0,1.0,1.0,1.0,0.01,0.09229376,0.01,0.01,0.030290443,0.01,0.01,0.49443513,0.14855413,0.03717092,0.010000124,0.02919832,0.011560576,0.19986868,-0.2512039050869578,-0.5125757736921625
0.47,-583887040.0,0.07286525654209,-0.0717072486877441,-0.1233882009983062,-0.0018118470907211,-0.200203060409132,-3253543632896.0,0.01,0.01,0.01,0.01,0.01,0.01,0.01,1.0,1.0,1.0,1.0,1.0,1.0,1.0,0.01,0.072865255,0.01,0.01,0.01,0.01,0.01,0.49443513,0.13989091,0.034301516,0.010000112,0.02774832,0.01140618,0.19986868,-0.2547512605304775,-0.2446045981734793
0.48,-583887040.0,0.0352463969443276,-0.0546358749270439,-0.1093660145998001,0.0038149766623973,-0.1584297769272134,-3253543632896.0,0.01,0.01,0.01,0.01,0.01,0.01,0.01,1.0,1.0,1.0,1.0,1.0,1.0,1.0,0.01,0.0352464,0.01,0.01,0.01,0.01,0.01,0.49443513,0.1284635,0.031754363,0.0100001,0.025918191,0.011267174,0.19986868,-0.2560964173115477,-0.0637756429648577
0.49,-583887040.0,-0.0155796713475898,-0.0369179174304008,-0.0960969030857086,-0.003734603524208,-0.1071919454324553,-3253543632896.0,0.01,0.01,0.01,0.01,0.01,0.01,0.01,1.0,1.0,1.0,1.0,1.0,1.0,1.0,0.01,0.01,0.01,0.01,0.01,0.01,0.01,0.49443513,0.114108,0.029488537,0.010000091,0.024284346,0.011141955,0.19986868,-0.2561457149536004,0.0295306399417171
0.5,-583887040.0,-0.0791663993600823,-0.0221198853105306,-0.0861517190933227,-0.0138798672705888,-0.0452162868515819,-3253543632896.0,0.01,0.01,0.01,0.01,0.01,0.01,0.01,1.0,1.0,1.0,1.0,1.0,1.0,1.0,0.01,0.01,0.01,0.01,0.01,0.01,0.01,0.49443513,0.10107481,0.027468694,0.010000082,0.022823231,0.011029072,0.19986868,-0.2555935994587628,0.0703511833325236
0.51,-583887040.0,-0.123177133500576,-0.0140483770519495,-0.0796088725328445,-0.0219520609825849,0.0249423915294196,-3253543632896.0,0.01,0.01,0.01,0.01,0.01,0.01,0.01,1.0,1.0,1.0,1.0,1.0,1.0,1.0,0.01,0.01,0.01,0.01,0.01,0.02494239,0.01,0.49443513,0.089910634,0.02566026,0.010000073,0.021511417,0.015811423,0.19986868,-0.2547067429221679,0.1020914099197537
0.52,-583887040.0,-0.1194950118660926,-0.0069017214700579,-0.076144091784954,-0.0283438730984926,0.0291228590839978,-3253543632896.0,0.01,0.01,0.01,0.01,0.01,0.01,0.01,1.0,1.0,1.0,1.0,1.0,1.0,1.0,0.01,0.01,0.01,0.01,0.01,0.02912286,0.01,0.49443513,0.08039397,0.024053091,0.010000067,0.020342482,0.021686582,0.19986868,-0.2533260460411756,0.1755998914848667
0.53,-583887040.0,-0.1200538277626037,0.0013134945183992,-0.0729151889681816,-0.0345025137066841,0.0151228963716608,-3253543632896.0,0.01,0.01,0.01,0.01,0.01,0.01,0.01,1.0,1.0,1.0,1.0,1.0,1.0,1.0,0.01,0.01,0.01,0.01,0.01,0.015122896,0.01,0.49443513,0.072179995,0.022616746,0.01000006,0.019295402,0.022422701,0.19986868,-0.2508189178258465,0.3174855328690717
0.54,-583887040.0,-0.1205573379993438,0.0136842709034681,-0.0669108182191848,-0.0424180030822753,0.0151752931883024,-3253543632896.0,0.01,0.01,0.01,0.01,0.01,0.01,0.01,1.0,1.0,1.0,1.0,1.0,1.0,1.0,0.01,0.01,0.013684271,0.01,0.01,0.015175293,0.01,0.49443513,0.06503496,0.021646189,0.010000054,0.01835486,0.024004402,0.19986868,-0.2465857006266132,0.4996777503273255
0.55,-583887040.0,-0.1181875169277191,0.0312161296606063,-0.0555866993963718,-0.052352424710989,-0.0216531799638682,-3253543632896.0,0.01,0.01,0.01,0.01,0.01,0.01,0.01,1.0,1.0,1.0,1.0,1.0,1.0,1.0,0.01,0.01,0.03121613,0.01,0.01,0.01,0.01,0.49443513,0.058783006,0.028013973,0.010000049,0.017508386,0.022692002,0.19986868,-0.2404131100773683,0.686980931410878
0.56,-583887040.0,-0.1132945269346237,0.0032591149210929,-0.0373451262712478,-0.0724753141403198,-0.0557664082901325,-3253543632896.0,0.01,0.01,0.01,0.01,0.01,0.01,0.01,1.0,1.0,1.0,1.0,1.0,1.0,1.0,0.01,0.01,0.01,0.01,0.01,0.01,0.01,0.49443513,0.053359192,0.027030513,0.010000044,0.01675378,0.021399256,0.19986868,-0.2327350718691433,0.8181833740144412
0.5700000000000001,-583887040.0,-0.1102401912212371,0.0456304140388965,-0.0327713713049888,-0.0939844995737075,-0.0953852622209788,-3253543632896.0,0.01,0.01,0.01,0.01,0.01,0.01,0.01,1.0,1.0,1.0,1.0,1.0,1.0,1.0,0.01,0.01,0.045630414,0.01,0.01,0.01,0.01,0.49443513,0.04860168,0.039537244,0.01000004,0.016076699,0.020242644,0.19986868,-0.2241157645006111,0.8854786204033517
0.5800000000000001,-583887040.0,-0.1092617586255073,0.0139558101072907,-0.0168919973075389,-0.1134688779711723,-0.1307426931002731,-3253543632896.0,0.01,0.01,0.01,0.01,0.01,0.01,0.01,1.0,1.0,1.0,1.0,1.0,1.0,1.0,0.01,0.01,0.01395581,0.01,0.01,0.01,0.01,0.49443513,0.044413313,0.038101994,0.010000036,0.015468571,0.019206474,0.19986868,-0.2152938862250984,0.8678144935953558
0.5900000000000001,-583887040.0,-0.111591450870037,0.060135643929243,-0.0085279196500778,-0.1271300762891769,-0.1552744988024474,-3253543632896.0,0.01,0.01,0.01,0.01,0.01,0.01,0.01,1.0,1.0,1.0,1.0,1.0,1.0,1.0,0.01,0.01,0.060135644,0.01,0.01,0.01,0.01,0.49443513,0.040714446,0.052919984,0.010000032,0.014921909,0.018277159,0.19986868,-0.2069781841242899,0.7967764346573285
0.6000000000000001,-583887040.0,-0.0597869476366796,0.0342427566647529,-0.0079596601426601,-0.1333221346139907,-0.1747153948706117,-3253543632896.0,0.01,0.01,0.01,0.01,0.01,0.01,0.01,1.0,1.0,1.0,1.0,1.0,1.0,1.0,0.01,0.01,0.034242757,0.01,0.01,0.01,0.01,0.49443513,0.03743799,0.052672453,0.010000029,0.014430008,0.01744264,0.19986868,-0.1997243016888115,0.6658620334029773
0.6100000000000001,-583887040.0,-0.0090122456487007,0.0642781257629394,-0.0119047164916992,-0.1325118988752365,-0.2122966435563738,-3253543632896.0,0.01,0.01,0.01,0.01,0.01,0.01,0.01,1.0,1.0,1.0,1.0,1.0,1.0,1.0,0.01,0.01,0.064278126,0.01,0.01,0.01,0.01,0.49443513,0.0345258,0.059862413,0.010000026,0.01398667,0.016691875,0.19986868,-0.1939751149815508,0.5172136810785111
0.6200000000000001,-583887040.0,0.0439115386044167,0.0581148490309715,-0.0187014378607273,-0.1260773539543151,-0.2615171156030423,-3253543632896.0,0.01,0.01,0.01,0.01,0.01,0.01,0.01,1.0,1.0,1.0,1.0,1.0,1.0,1.0,0.01,0.04391154,0.05811485,0.01,0.01,0.01,0.01,0.49443513,0.036325358,0.060852785,0.010000024,0.013587959,0.016017813,0.19986868,-0.1896699531204567,0.3775196509312484
0.6299999999999999,-583887040.0,0.0790029003621273,0.0677878856658935,-0.0254668574780225,-0.1176012754440307,-0.3200873550813595,-3253543632896.0,0.01,0.01,0.01,0.01,0.01,0.01,0.01,1.0,1.0,1.0,1.0,1.0,1.0,1.0,0.01,0.0790029,0.067787886,0.01,0.01,0.01,0.01,0.49443513,0.055884443,0.06505879,0.010000021,0.013231005,0.01541529,0.19986868,-0.1866192936748577,0.2499063651255834
0.6399999999999999,-583887040.0,0.106716276817957,0.0619299188256263,-0.0314479023218154,-0.1091982498764991,-0.3860166891515592,-3253543632896.0,0.01,0.01,0.01,0.01,0.01,0.01,0.01,1.0,1.0,1.0,1.0,1.0,1.0,1.0,0.01,0.106716275,0.06192992,0.01,0.01,0.01,0.01,0.49443513,0.08039488,0.06531688,0.010000019,0.012910087,0.014874327,0.19986868,-0.1849554939781778,0.0934873860149499
0.6499999999999999,-583887040.0,0.1506693882863773,0.0615938901901245,-0.0381559282541275,-0.0995727479457855,-0.3998173475265503,-3253543632896.0,0.01,0.01,0.01,0.01,0.01,0.01,0.01,1.0,1.0,1.0,1.0,1.0,1.0,1.0,0.01,0.15066938,0.06159389,0.01,0.01,0.01,0.01,0.49443513,0.11554015,0.0649011,0.0100000175,0.012621207,0.014387955,0.19986868,-0.1851482801327025,-0.1153663344998381
0.6599999999999999,-583887040.0,0.1672808377222299,0.0548889935016632,-0.0464885756373405,-0.086986519396305,-0.3872213363647461,-3253543632896.0,0.01,0.01,0.01,0.01,0.01,0.01,0.01,1.0,1.0,1.0,1.0,1.0,1.0,1.0,0.01,0.16728084,0.054888994,0.01,0.01,0.01,0.01,0.49443513,0.14411764,0.06388157,0.010000016,0.012361157,0.013950596,0.19986868,-0.1877866124985061,-0.3854716056285547
0.6699999999999999,-583887040.0,0.1812908352539785,0.0424598641693592,-0.0566582307219505,-0.0737445801496505,-0.3743628561496734,-3253543632896.0,0.01,0.01,0.01,0.01,0.01,0.01,0.01,1.0,1.0,1.0,1.0,1.0,1.0,1.0,0.01,0.18129084,0.042459864,0.01,0.01,0.01,0.01,0.49443513,0.16751857,0.061673522,0.010000014,0.012126913,0.01355702,0.19986868,-0.1933375351645828,-0.6799726624251476
0.6799999999999999,-583887040.0,0.1763106478636165,0.0238181166350841,-0.0789559185504913,-0.050376109778881,-0.350423663854599,-3253543632896.0,0.01,0.01,0.01,0.01,0.01,0.01,0.01,1.0,1.0,1.0,1.0,1.0,1.0,1.0,0.01,0.17631064,0.023818117,0.01,0.01,0.01,0.01,0.49443513,0.17747676,0.057813738,0.010000013,0.01191584,0.013202685,0.19986868,-0.2017229685811623,-0.9445461438219636
0.69,-583887040.0,0.164434661011146,-0.0023327451199293,-0.1038730815052986,-0.004392571747303,-0.3021956980228424,-3253543632896.0,0.01,0.01,0.01,0.01,0.01,0.01,0.01,1.0,1.0,1.0,1.0,1.0,1.0,1.0,0.01,0.16443466,0.01,0.01,0.01,0.01,0.01,0.49443513,0.17857526,0.05278704,0.010000011,0.01172582,0.012883946,0.19986868,-0.2124579547933564,-1.157133455362733
0.7,-583887040.0,0.1422300667817372,-0.029300034046173,-0.1269393265247345,0.0324975326657295,-0.2633840143680572,-3253543632896.0,0.01,0.01,0.01,0.01,0.01,0.01,0.01,1.0,1.0,1.0,1.0,1.0,1.0,1.0,0.01,0.14223006,0.01,0.01,0.032497533,0.01,0.01,0.49443513,0.17497693,0.048099093,0.01000001,0.02619609,0.012597767,0.19986868,-0.2248444032068732,-1.2765290145307515
0.71,-583887040.0,0.1167377067866961,-0.0573628731071949,-0.1440792828798294,-0.0706343054771423,-0.2454888820648193,-3253543632896.0,0.01,0.01,0.01,0.01,0.01,0.01,0.01,1.0,1.0,1.0,1.0,1.0,1.0,1.0,0.01,0.11673771,0.01,0.01,0.01,0.01,0.01,0.49443513,0.1681298,0.04397062,0.010000009,0.025649361,0.012340181,0.19986868,-0.237242226565972,-1.1788455892092276
0.72,-583887040.0,0.0983306253192427,-0.0790357366204261,-0.1413958370685577,-0.0227945242077112,-0.2466104924678802,-3253543632896.0,0.01,0.01,0.01,0.01,0.01,0.01,0.01,1.0,1.0,1.0,1.0,1.0,1.0,1.0,0.01,0.098330624,0.01,0.01,0.01,0.01,0.01,0.49443513,0.1593255,0.040325586,0.010000008,0.024044361,0.012108293,0.19986868,-0.2476419890219865,-0.9205864185038716
0.73,-583887040.0,0.0928580606575435,-0.0861282646656036,-0.139645367860794,0.0414784401655197,-0.2365152922479899,-3253543632896.0,0.01,0.01,0.01,0.01,0.01,0.01,0.01,1.0,1.0,1.0,1.0,1.0,1.0,1.0,0.01,0.09285806,0.01,0.01,0.04147844,0.01,0.01,0.49443513,0.1506044,0.037099384,0.010000007,0.035788465,0.0118994685,0.19986868,-0.2552676070753428,-0.6357899862129197
0.74,-583887040.0,0.0742028655559461,-0.0800657793879509,-0.1326204985380172,-0.0337852872908115,-0.1960769071601239,-3253543632896.0,0.01,0.01,0.01,0.01,0.01,0.01,0.01,1.0,1.0,1.0,1.0,1.0,1.0,1.0,0.01,0.074202865,0.01,0.01,0.01,0.01,0.01,0.49443513,0.1418088,0.03423487,0.010000007,0.034706883,0.011711192,0.19986868,-0.2597605862613136,-0.3103246786375102
0.75,-583887040.0,0.0380757465666298,-0.0643035024404525,-0.1172525957226753,-0.0181414522230625,-0.157017661182817,-3253543632896.0,0.01,0.01,0.01,0.01,0.01,0.01,0.01,1.0,1.0,1.0,1.0,1.0,1.0,1.0,0.01,0.038075745,0.01,0.01,0.01,0.01,0.01,0.49443513,0.13036676,0.03169487,0.010000006,0.032114398,0.0115418825,0.19986868,-0.2611482396790616,-0.0180728955980276
0.76,-583887040.0,-0.0082126452918465,-0.04348886013031,-0.0998658239841461,-0.0108788851648569,-0.1107556864431107,-3253543632896.0,0.01,0.01,0.01,0.01,0.01,0.01,0.01,1.0,1.0,1.0,1.0,1.0,1.0,1.0,0.01,0.01,0.01,0.01,0.01,0.01,0.01,0.49443513,0.11613745,0.0294368,0.010000005,0.02981026,0.011389481,0.19986868,-0.2601647747894847,0.1724806227392162
0.77,-583887040.0,-0.0677477719323264,-0.0227173380553722,-0.0844129025936126,-0.0167231298983097,-0.0544573842912263,-3253543632896.0,0.01,0.01,0.01,0.01,0.01,0.01,0.01,1.0,1.0,1.0,1.0,1.0,1.0,1.0,0.01,0.01,0.01,0.01,0.01,0.01,0.01,0.49443513,0.10282845,0.027426029,0.010000005,0.027758937,0.011252255,0.19986868,-0.2579068857390618,0.2547257923207308
0.78,-583887040.0,-0.1172905266284942,-0.0097976513206958,-0.0752775743603706,-0.025826159864664,0.0105609272671429,-3253543632896.0,0.01,0.01,0.01,0.01,0.01,0.01,0.01,1.0,1.0,1.0,1.0,1.0,1.0,1.0,0.01,0.01,0.01,0.01,0.01,0.010560927,0.01,0.49443513,0.09147843,0.025630388,0.010000004,0.025927458,0.011148697,0.19986868,-0.2552231906529853,0.2739648971901615
0.79,-583887040.0,-0.1094665825366973,0.0048310365527868,-0.0686576589941978,-0.0336407572031021,0.0569273362358831,-3253543632896.0,0.01,0.01,0.01,0.01,0.01,0.01,0.01,1.0,1.0,1.0,1.0,1.0,1.0,1.0,0.01,0.01,0.01,0.01,0.01,0.056927335,0.01,0.49443513,0.081756964,0.024028163,0.010000004,0.024293553,0.035944875,0.19986868,-0.2523760678760889,0.3029330184998385
0.8,-583887040.0,-0.1092785000801086,0.0186209343373775,-0.0629368275403976,-0.0400638356804847,-0.0769418946038761,-3253543632896.0,0.01,0.01,0.01,0.01,0.01,0.01,0.01,1.0,1.0,1.0,1.0,1.0,1.0,1.0,0.01,0.01,0.018620934,0.01,0.01,0.01,0.01,0.49443513,0.07338284,0.02338768,0.0100000035,0.02283496,0.035887815,0.19986868,-0.2486715153298858,0.4445708687171256
0.81,-583887040.0,-0.110723465681076,0.026360971853137,-0.0554093420505523,-0.0474566370248794,-0.0286950900565867,-3253543632896.0,0.01,0.01,0.01,0.01,0.01,0.01,0.01,1.0,1.0,1.0,1.0,1.0,1.0,1.0,0.01,0.01,0.026360972,0.01,0.01,0.01,0.01,0.49443513,0.06610153,0.02542011,0.0100000035,0.021527441,0.033162814,0.19986868,-0.2430530043405751,0.6540197150447196
0.8200000000000001,-583887040.0,-0.108085423707962,0.0235828310251235,-0.0469006299972534,-0.0615121722221374,-0.0326620780711071,-3253543632896.0,0.01,0.01,0.01,0.01,0.01,0.01,0.01,1.0,1.0,1.0,1.0,1.0,1.0,1.0,0.01,0.01,0.023582831,0.01,0.01,0.01,0.01,0.49443513,0.059727717,0.02554459,0.010000003,0.020352088,0.030730125,0.19986868,-0.2352866084671704,0.8495091995974824
0.8300000000000001,-583887040.0,-0.1024454534053802,0.0577398650348186,-0.0224250890314579,-0.0836302936077117,-0.0644299033227056,-3253543632896.0,0.01,0.01,0.01,0.01,0.01,0.01,0.01,1.0,1.0,1.0,1.0,1.0,1.0,1.0,0.01,0.01,0.057739865,0.01,0.01,0.01,0.01,0.49443513,0.054197647,0.047779564,0.010000003,0.019305697,0.028578974,0.19986868,-0.2260179597606781,0.9733100227771718
0.8400000000000001,-583887040.0,-0.0993918851017952,-0.0016098082996904,-0.0164554193615913,-0.1066372171044349,-0.1040313081983715,-3253543632896.0,0.01,0.01,0.01,0.01,0.01,0.01,0.01,1.0,1.0,1.0,1.0,1.0,1.0,1.0,0.01,0.01,0.01,0.01,0.01,0.01,0.01,0.49443513,0.049339194,0.04551402,0.010000003,0.018366674,0.026659386,0.19986868,-0.2162422897870818,0.960696742637556
0.8500000000000001,-583887040.0,-0.1009803116321563,0.0429368019104003,-0.0031770765781402,-0.1252317577600479,-0.1382999641176051,-3253543632896.0,0.01,0.01,0.01,0.01,0.01,0.01,0.01,1.0,1.0,1.0,1.0,1.0,1.0,1.0,0.01,0.01,0.042936802,0.01,0.01,0.01,0.01,0.49443513,0.045061782,0.044703513,0.010000003,0.017524108,0.024945697,0.19986868,-0.2072094545158763,0.8522103431411185
0.8600000000000001,-583887040.0,-0.1078013628721237,0.0877550393342971,-0.0037317760288715,-0.133901298046112,-0.1589083897262859,-3253543632896.0,0.01,0.01,0.01,0.01,0.01,0.01,0.01,1.0,1.0,1.0,1.0,1.0,1.0,1.0,0.01,0.01,0.08775504,0.01,0.01,0.01,0.01,0.49443513,0.041291993,0.073805496,0.010000002,0.016768735,0.023416396,0.19986868,-0.1994281711948589,0.710692362736023
0.8700000000000001,-583887040.0,-0.055764745251929,0.0353071056306362,-0.0085293427109718,-0.13411745429039,-0.1746023370862334,-3253543632896.0,0.01,0.01,0.01,0.01,0.01,0.01,0.01,1.0,1.0,1.0,1.0,1.0,1.0,1.0,0.01,0.01,0.035307106,0.01,0.01,0.01,0.01,0.49443513,0.037952356,0.07245368,0.010000002,0.016089538,0.02204684,0.19986868,-0.1934804359280778,0.4993207743657675
0.8799999999999999,-583887040.0,-0.0072855027931501,0.059063758701086,-0.0172296240925788,-0.1269353777170181,-0.2083842919568106,-3253543632896.0,0.01,0.01,0.01,0.01,0.01,0.01,0.01,1.0,1.0,1.0,1.0,1.0,1.0,1.0,0.01,0.01,0.05906376,0.01,0.01,0.01,0.01,0.49443513,0.03499363,0.07045711,0.010000002,0.015479637,0.02082152,0.19986868,-0.1897940817172435,0.2756301837191338
0.8899999999999999,-583887040.0,0.0437921902178951,0.072885662317276,-0.0279391501098871,-0.114348828792572,-0.2533660342651457,-3253543632896.0,0.01,0.01,0.01,0.01,0.01,0.01,0.01,1.0,1.0,1.0,1.0,1.0,1.0,1.0,0.01,0.043792192,0.07288566,0.01,0.01,0.01,0.01,0.49443513,0.037253093,0.07193384,0.010000002,0.014932104,0.01972513,0.19986868,-0.1880082906703414,0.116048565136154
0.8999999999999999,-583887040.0,0.0812121535426982,0.0680936872959137,-0.0372717380523681,-0.1010037288069725,-0.3080269182285826,-3253543632896.0,0.01,0.01,0.01,0.01,0.01,0.01,0.01,1.0,1.0,1.0,1.0,1.0,1.0,1.0,0.01,0.081212156,0.06809369,0.01,0.01,0.01,0.01,0.49443513,0.057395823,0.071684755,0.010000002,0.014440529,0.01874371,0.19986868,-0.1873907791988583,0.0259259312848906
0.91,-583887040.0,0.1039799776217649,0.0636026710271835,-0.0440769754350185,-0.0901251658797264,-0.3711742108151826,-3253543632896.0,0.01,0.01,0.01,0.01,0.01,0.01,0.01,1.0,1.0,1.0,1.0,1.0,1.0,1.0,0.01,0.103979975,0.06360267,0.01,0.01,0.01,0.01,0.49443513,0.07898517,0.07083703,0.010000001,0.013998376,0.017863277,0.19986868,-0.1875357209819163,-0.0488910928655761
0.92,-583887040.0,0.1502634670825331,0.0583039745688438,-0.0492793582379817,-0.0815719068050384,-0.3809174001216888,-3253543632896.0,0.01,0.01,0.01,0.01,0.01,0.01,0.01,1.0,1.0,1.0,1.0,1.0,1.0,1.0,0.01,0.15026347,0.058303975,0.01,0.01,0.01,0.01,0.49443513,0.1151071,0.069513135,0.010000001,0.013599967,0.017071791,0.19986868,-0.1885967064880335,-0.1573831091390411
0.93,-583887040.0,0.160157000719088,0.0515314079821109,-0.0543885342776775,-0.0754082351922988,-0.3752861022949219,-3253543632896.0,0.01,0.01,0.01,0.01,0.01,0.01,0.01,1.0,1.0,1.0,1.0,1.0,1.0,1.0,0.01,0.160157,0.051531408,0.01,0.01,0.01,0.01,0.49443513,0.14054243,0.06754771,0.010000001,0.013242064,0.016362311,0.19986868,-0.1911380214575477,-0.3409299110915548
0.94,-583887040.0,0.1786793596012211,0.041987095028162,-0.0642039999365806,-0.066024050116539,-0.3650040030479431,-3253543632896.0,0.01,0.01,0.01,0.01,0.01,0.01,0.01,1.0,1.0,1.0,1.0,1.0,1.0,1.0,0.01,0.17867936,0.041987095,0.01,0.01,0.01,0.01,0.49443513,0.1644573,0.064805396,0.010000001,0.012919861,0.015724814,0.19986868,-0.1958723025793254,-0.5790520139655271
0.95,-583887040.0,0.1727342101894624,0.0273049306124448,-0.0798146426677703,-0.0465933009982109,-0.3442540168762207,-3253543632896.0,0.01,0.01,0.01,0.01,0.01,0.01,0.01,1.0,1.0,1.0,1.0,1.0,1.0,1.0,0.01,0.17273422,0.02730493,0.01,0.01,0.01,0.01,0.49443513,0.1751346,0.06092572,0.010000001,0.012628376,0.015149042,0.19986868,-0.2032120808079235,-0.8263707224510349
0.96,-583887040.0,0.1623134361280562,0.0040535759180784,-0.1002512574195861,-0.0093065202236175,-0.3050410747528076,-3253543632896.0,0.01,0.01,0.01,0.01,0.01,0.01,0.01,1.0,1.0,1.0,1.0,1.0,1.0,1.0,0.01,0.16231343,0.01,0.01,0.01,0.01,0.01,0.49443513,0.17633143,0.055667102,0.010000001,0.012366425,0.014632433,0.19986868,-0.2128407176821628,-1.0426987559264302
0.97,-583887040.0,0.1425790448859821,-0.020004903897643,-0.1206166967749595,0.0240141674876213,-0.270600289106369,-3253543632896.0,0.01,0.01,0.01,0.01,0.01,0.01,0.01,1.0,1.0,1.0,1.0,1.0,1.0,1.0,0.01,0.14257905,0.01,0.01,0.024014167,0.01,0.01,0.49443513,0.1730717,0.050618377,0.010000001,0.02011219,0.014169764,0.19986868,-0.2242213472338753,-1.1876012267310865
0.98,-583887040.0,0.1186355034411682,-0.0459335595369339,-0.1372890472412109,-0.0524002611637115,-0.2514153122901916,-3253543632896.0,0.01,0.01,0.01,0.01,0.01,0.01,0.01,1.0,1.0,1.0,1.0,1.0,1.0,1.0,0.01,0.118635505,0.01,0.01,0.01,0.01,0.01,0.49443513,0.16671437,0.04619067,0.010000001,0.019769005,0.013754591,0.19986868,-0.2360683255380639,-1.1557262105968604
0.99,-583887040.0,0.100060426365013,-0.0683246105909347,-0.1347748041152954,0.0097833834588527,-0.2472446262836456,-3253543632896.0,0.01,0.01,0.01,0.01,0.01,0.01,0.01,1.0,1.0,1.0,1.0,1.0,1.0,1.0,0.01,0.100060426,0.01,0.01,0.01,0.01,0.01,0.49443513,0.15837969,0.042285133,0.010000001,0.018781686,0.0133810295,0.19986868,-0.2468016778376687,-1.004020267318225
1.0,-583887040.0,0.0891730772669219,-0.080618992447853,-0.1389237940311432,0.0523657202720642,-0.2137367217594296,-3253543632896.0,0.01,0.01,0.01,0.01,0.01,0.01,0.01,1.0,1.0,1.0,1.0,1.0,1.0,1.0,0.01,0.08917308,0.01,0.01,0.05236572,0.01,0.01,0.49443513,0.14954834,0.03883915,0.010000001,0.042208552,0.013045437,0.19986868,-0.2558048048984895,-0.7978555980418178
1.0099999999999998,-583887040.0,0.0593219358963304,-0.0829606428742408,-0.1394380331039428,-0.0674715861678123,-0.1658918662280932,-3253543632896.0,0.01,0.01,0.01,0.01,0.01,0.01,0.01,1.0,1.0,1.0,1.0,1.0,1.0,1.0,0.01,0.059321936,0.01,0.01,0.01,0.01,0.01,0.49443513,0.13917568,0.035782896,0.010000001,0.040553216,0.012743106,0.19986868,-0.2619317939467374,-0.4524925833158511
1.02,-583887040.0,0.0165368275056733,-0.073251374065876,-0.1270641982555389,-0.0336021855473518,-0.1246816115624965,-3253543632896.0,0.01,0.01,0.01,0.01,0.01,0.01,0.01,1.0,1.0,1.0,1.0,1.0,1.0,1.0,0.01,0.016536828,0.01,0.01,0.01,0.01,0.01,0.49443513,0.12573975,0.033067662,0.010000001,0.03729784,0.012470718,0.19986868,-0.2642341561254164,-0.0686265483484808
1.0299999999999998,-583887040.0,-0.0315159563313853,-0.0523754730820655,-0.1072123125195503,-0.0211569052189588,-0.0814558466345933,-3253543632896.0,0.01,0.01,0.01,0.01,0.01,0.01,0.01,1.0,1.0,1.0,1.0,1.0,1.0,1.0,0.01,0.01,0.01,0.01,0.01,0.01,0.01,0.49443513,0.11104919,0.030658895,0.010000001,0.034417536,0.012225944,0.19986868,-0.2630910680246519,0.2415545342111792
1.04,-583887040.0,-0.0911491098307121,-0.0273243617266416,-0.086999200284481,-0.0215905178338289,-0.0291520708280698,-3253543632896.0,0.01,0.01,0.01,0.01,0.01,0.01,0.01,1.0,1.0,1.0,1.0,1.0,1.0,1.0,0.01,0.01,0.01,0.01,0.01,0.01,0.01,0.49443513,0.098511145,0.028515851,0.010000001,0.031860903,0.012005687,0.19986868,-0.2595907724010462,0.416550278838687
1.0499999999999998,-583887040.0,-0.1172262504696846,-0.0082755852490663,-0.0733313336968422,-0.0302501656115055,0.031126346184887,-3253543632896.0,0.01,0.01,0.01,0.01,0.01,0.01,0.01,1.0,1.0,1.0,1.0,1.0,1.0,1.0,0.01,0.01,0.01,0.01,0.01,0.031126346,0.01,0.49443513,0.087804794,0.026605371,0.010000001,0.029586384,0.01979931,0.19986868,-0.2550482761421176,0.4716624441170314
1.06,-583887040.0,-0.1042550727725029,0.0167019292712211,-0.0604789145290851,-0.0397864580154418,-0.0093061704320652,-3253543632896.0,0.01,0.01,0.01,0.01,0.01,0.01,0.01,1.0,1.0,1.0,1.0,1.0,1.0,1.0,0.01,0.01,0.01670193,0.01,0.01,0.01,0.01,0.49443513,0.078559086,0.02545197,0.010000001,0.027552638,0.021599257,0.19986868,-0.2501565775234977,0.5067761907715533
1.0699999999999998,-583887040.0,-0.1007651835680008,0.0371214188635349,-0.0489697158336639,-0.0480817891657352,0.009128575020997,-3253543632896.0,0.01,0.01,0.01,0.01,0.01,0.01,0.01,1.0,1.0,1.0,1.0,1.0,1.0,1.0,0.01,0.01,0.03712142,0.01,0.01,0.01,0.01,0.49443513,0.07057344,0.033165734,0.01,0.025739396,0.0204191,0.19986868,-0.2447007539087394,0.5754034218489792
1.08,-583887040.0,-0.1026038378477096,0.0026680445298552,-0.0432904511690139,-0.0605828389525413,0.0031387638677454,-3253543632896.0,0.01,0.01,0.01,0.01,0.01,0.01,0.01,1.0,1.0,1.0,1.0,1.0,1.0,1.0,0.01,0.01,0.01,0.01,0.01,0.01,0.01,0.49443513,0.063625425,0.03241444,0.01,0.024117842,0.019591039,0.19986868,-0.2385762639250108,0.6334646634544574
1.09,-583887040.0,-0.1054939180612564,0.0308531448245048,-0.0314569063484668,-0.0733413100242614,-0.0288596943679352,-3253543632896.0,0.01,0.01,0.01,0.01,0.01,0.01,0.01,1.0,1.0,1.0,1.0,1.0,1.0,1.0,0.01,0.01,0.030853145,0.01,0.01,0.01,0.01,0.49443513,0.057570826,0.031851992,0.01,0.022669392,0.01861847,0.19986868,-0.2319942607693073,0.6733050556626958
1.1,-583887040.0,-0.1088533252477645,0.056235734373331,-0.0356398485600948,-0.0853743031620979,-0.0668678673556788,-3253543632896.0,0.01,0.01,0.01,0.01,0.01,0.01,0.01,1.0,1.0,1.0,1.0,1.0,1.0,1.0,0.01,0.01,0.056235734,0.01,0.01,0.01,0.01,0.49443513,0.05230001,0.04846934,0.01,0.021379737,0.01775027,0.19986868,-0.2250853131453426,0.6983794335017836
1.11,-583887040.0,-0.1124510169029235,0.0116915674880146,-0.0272365696728229,-0.0961075201630592,-0.1031111130550708,-3253543632896.0,0.01,0.01,0.01,0.01,0.01,0.01,0.01,1.0,1.0,1.0,1.0,1.0,1.0,1.0,0.01,0.01,0.0116915675,0.01,0.01,0.01,0.01,0.49443513,0.047664404,0.046599306,0.01,0.020223914,0.016970444,0.19986868,-0.2182653632073755,0.6597997496166879
1.12,-583887040.0,-0.1172337532043457,0.041940838098526,-0.0225857682526111,-0.104047879576683,-0.1302560637423635,-3253543632896.0,0.01,0.01,0.01,0.01,0.01,0.01,0.01,1.0,1.0,1.0,1.0,1.0,1.0,1.0,0.01,0.01,0.041940838,0.01,0.01,0.01,0.01,0.49443513,0.043569364,0.045535084,0.01,0.01918579,0.016268656,0.19986868,-0.212112502946669,0.5848489360846644
1.13,-583887040.0,-0.0969836087686319,0.0668277442455291,-0.0234581567347049,-0.1074201613664627,-0.1444406994720086,-3253543632896.0,0.01,0.01,0.01,0.01,0.01,0.01,0.01,1.0,1.0,1.0,1.0,1.0,1.0,1.0,0.01,0.01,0.066827744,0.01,0.01,0.01,0.01,0.49443513,0.039970316,0.059471834,0.01,0.018259028,0.01564098,0.19986868,-0.2066380470324373,0.5178510589945721
1.14,-583887040.0,-0.0430292786527851,0.0371263846755027,-0.0252116285264492,-0.1080345809459686,-0.1721669953599319,-3253543632896.0,0.01,0.01,0.01,0.01,0.01,0.01,0.01,1.0,1.0,1.0,1.0,1.0,1.0,1.0,0.01,0.01,0.037126385,0.01,0.01,0.01,0.01,0.49443513,0.036762442,0.059449665,0.01,0.017422475,0.015073536,0.19986868,-0.2019840524237687,0.4309459077367739
1.15,-583887040.0,0.011710547296952,0.0535870790481567,-0.028528157621622,-0.1060260981321334,-0.2179317710980503,-3253543632896.0,0.01,0.01,0.01,0.01,0.01,0.01,0.01,1.0,1.0,1.0,1.0,1.0,1.0,1.0,0.01,0.011710547,0.05358708,0.01,0.01,0.01,0.01,0.49443513,0.03396775,0.058346365,0.01,0.016672306,0.01456394,0.19986868,-0.1982506374240412,0.341248308625178
1.16,-583887040.0,0.0706190693363031,0.0648103132843971,-0.0324891507625579,-0.1021608114242553,-0.2757105993834527,-3253543632896.0,0.01,0.01,0.01,0.01,0.01,0.01,0.01,1.0,1.0,1.0,1.0,1.0,1.0,1.0,0.01,0.07061907,0.06481031,0.01,0.01,0.01,0.01,0.49443513,0.049300402,0.062295936,0.01,0.016003449,0.014108948,0.19986868,-0.1952007795689529,0.2801790591486316
1.17,-583887040.0,0.086724558679719,0.0576686933636665,-0.0355370976030826,-0.0984778851270675,-0.3424582467033045,-3253543632896.0,0.01,0.01,0.01,0.01,0.01,0.01,0.01,1.0,1.0,1.0,1.0,1.0,1.0,1.0,0.01,0.08672456,0.057668693,0.01,0.01,0.01,0.01,0.49443513,0.06587522,0.062210713,0.01,0.015403403,0.013700287,0.19986868,-0.1928231419715081,0.1959458795764646
1.1800000000000002,-583887040.0,0.137216630745605,0.0605169683694839,-0.0387346521019935,-0.0944783762097358,-0.3983613848686218,-3253543632896.0,0.01,0.01,0.01,0.01,0.01,0.01,0.01,1.0,1.0,1.0,1.0,1.0,1.0,1.0,0.01,0.13721663,0.06051697,0.01,0.01,0.01,0.01,0.49443513,0.10153718,0.06196803,0.01,0.014863917,0.013332488,0.19986868,-0.1915806334134195,0.0556965622927662
1.19,-583887040.0,0.1568054187210933,0.0577081702649593,-0.043688029050827,-0.0880975350737571,-0.3914631009101867,-3253543632896.0,0.01,0.01,0.01,0.01,0.01,0.01,0.01,1.0,1.0,1.0,1.0,1.0,1.0,1.0,0.01,0.15680543,0.05770817,0.01,0.01,0.01,0.01,0.49443513,0.13043043,0.06152992,0.01,0.014378714,0.013001388,0.19986868,-0.1922281092830397,-0.1717097982743354
1.2000000000000002,-583887040.0,0.1810811014095019,0.048620618879795,-0.0513975583016872,-0.0771044045686721,-0.379835307598114,-3253543632896.0,0.01,0.01,0.01,0.01,0.01,0.01,0.01,1.0,1.0,1.0,1.0,1.0,1.0,1.0,0.01,0.1810811,0.04862062,0.01,0.01,0.01,0.01,0.49443513,0.16009441,0.060213376,0.01,0.013942468,0.012703445,0.19986868,-0.1955803245556994,-0.4690496403207961
1.21,-583887040.0,0.1798364892541367,0.0345684215426445,-0.064351312816143,-0.0646138414740562,-0.3668839931488037,-3253543632896.0,0.01,0.01,0.01,0.01,0.01,0.01,0.01,1.0,1.0,1.0,1.0,1.0,1.0,1.0,0.01,0.17983648,0.03456842,0.01,0.01,0.01,0.01,0.49443513,0.1751818,0.057637613,0.01,0.013549368,0.0124347685,0.19986868,-0.2020878977832242,-0.7765391252348482
1.2200000000000002,-583887040.0,0.173936940735466,0.0128832440823316,-0.0884572267532348,-0.0336597189307212,-0.3357763886451721,-3253543632896.0,0.01,0.01,0.01,0.01,0.01,0.01,0.01,1.0,1.0,1.0,1.0,1.0,1.0,1.0,0.01,0.17393695,0.012883244,0.01,0.01,0.01,0.01,0.49443513,0.18103603,0.053105194,0.01,0.013195899,0.012193012,0.19986868,-0.2113864425804233,-1.030033975403793
1.23,-583887040.0,0.1545245847863313,-0.0136565286666154,-0.1138028278946876,0.0165386125445365,-0.2841781377792358,-3253543632896.0,0.01,0.01,0.01,0.01,0.01,0.01,0.01,1.0,1.0,1.0,1.0,1.0,1.0,1.0,0.01,0.15452458,0.01,0.01,0.016538613,0.01,0.01,0.49443513,0.1788843,0.04843087,0.01,0.015443645,0.011975572,0.19986868,-0.2227941969694321,-1.207632514825396
1.2400000000000002,-583887040.0,0.1303684390734457,-0.0422902777791023,-0.1350607722997665,-0.0038778856396675,-0.255212128162384,-3253543632896.0,0.01,0.01,0.01,0.01,0.01,0.01,0.01,1.0,1.0,1.0,1.0,1.0,1.0,1.0,0.01,0.13036844,0.01,0.01,0.01,0.01,0.01,0.49443513,0.17352845,0.04426208,0.01,0.015166282,0.011779959,0.19986868,-0.2352843784203024,-1.2648124768465996
1.25,-583887040.0,0.1069075994294975,-0.0695572346448898,-0.1386795043945312,0.0590541362762451,-0.2433522641658783,-3253543632896.0,0.01,0.01,0.01,0.01,0.01,0.01,0.01,1.0,1.0,1.0,1.0,1.0,1.0,1.0,0.01,0.1069076,0.01,0.01,0.059054136,0.01,0.01,0.49443513,0.16520242,0.04058909,0.01,0.04604648,0.0116040865,0.19986868,-0.2476815698120615,-1.1834432841234266
1.2599999999999998,-583887040.0,0.0918172629912484,-0.0900448113679885,-0.1492139101028442,-0.0910412073135376,-0.2271666685660671,-3253543632896.0,0.01,0.01,0.01,0.01,0.01,0.01,0.01,1.0,1.0,1.0,1.0,1.0,1.0,1.0,0.01,0.09181726,0.01,0.01,0.01,0.01,0.01,0.49443513,0.15568812,0.03733933,0.01,0.043973394,0.011445692,0.19986868,-0.2578294398617961,-0.8392664265801079
1.27,-583887040.0,0.0721971474796884,-0.0944557040929794,-0.1479131579399109,-0.0336879678070545,-0.1858092398854719,-3253543632896.0,0.01,0.01,0.01,0.01,0.01,0.01,0.01,1.0,1.0,1.0,1.0,1.0,1.0,1.0,0.01,0.07219715,0.01,0.01,0.01,0.01,0.01,0.49443513,0.14575405,0.03445062,0.01,0.040325474,0.011302692,0.19986868,-0.2635350248356636,-0.3618456151557654
1.2799999999999998,-583887040.0,0.0397016518340159,-0.0780201703310012,-0.127196654677391,-0.0084737967699766,-0.1557912282995723,-3253543632896.0,0.01,0.01,0.01,0.01,0.01,0.01,0.01,1.0,1.0,1.0,1.0,1.0,1.0,1.0,0.01,0.03970165,0.01,0.01,0.01,0.01,0.01,0.49443513,0.13370812,0.03188945,0.01,0.03710301,0.011174065,0.19986868,-0.2646714463526953,0.0657182035858551
1.29,-583887040.0,-0.0008119125795798,-0.050566092133522,-0.1026663109660148,-0.0026987176388502,-0.1163510980888375,-3253543632896.0,0.01,0.01,0.01,0.01,0.01,0.01,0.01,1.0,1.0,1.0,1.0,1.0,1.0,1.0,0.01,0.01,0.01,0.01,0.01,0.01,0.01,0.49443513,0.11934136,0.029613735,0.01,0.034248933,0.011058302,0.19986868,-0.2624311647900634,0.3270693635559071
1.3000000000000005,-583887040.0,-0.0547086758915198,-0.022400626912713,-0.0813611894845962,-0.0141826774924993,-0.0646863045277685,-3253543632896.0,0.01,0.01,0.01,0.01,0.01,0.01,0.01,1.0,1.0,1.0,1.0,1.0,1.0,1.0,0.01,0.01,0.01,0.01,0.01,0.01,0.01,0.49443513,0.10556881,0.02758635,0.01,0.031713493,0.010953996,0.19986868,-0.2585873102299027,0.4083359398813805
1.31,-583887040.0,-0.1093697175383567,-0.0040506776422262,-0.06996551156044,-0.0272208210080862,-0.0069326657688485,-3253543632896.0,0.01,0.01,0.01,0.01,0.01,0.01,0.01,1.0,1.0,1.0,1.0,1.0,1.0,1.0,0.01,0.01,0.01,0.01,0.01,0.01,0.01,0.49443513,0.0938316,0.025774948,0.01,0.029453794,0.010859864,0.19986868,-0.2546027843405824,0.3828270624324894
1.3199999999999998,-583887040.0,-0.0989545062184333,0.0178484730422496,-0.0599842257797718,-0.0366288311779499,0.0399235662428618,-3253543632896.0,0.01,0.01,0.01,0.01,0.01,0.01,0.01,1.0,1.0,1.0,1.0,1.0,1.0,1.0,0.01,0.01,0.017848473,0.01,0.01,0.039923567,0.01,0.49443513,0.083766066,0.024804855,0.01,0.027438285,0.023841072,0.19986868,-0.2509744354792482,0.35541971762673
1.33,-583887040.0,-0.1005042120814323,0.0269068665802478,-0.0546014383435249,-0.0430461317300796,-0.0491992049851495,-3253543632896.0,0.01,0.01,0.01,0.01,0.01,0.01,0.01,1.0,1.0,1.0,1.0,1.0,1.0,1.0,0.01,0.01,0.026906867,0.01,0.01,0.01,0.01,0.49443513,0.07511544,0.026232606,0.01,0.025643812,0.024613017,0.19986868,-0.2471470007307571,0.4208873538542999
1.34,-583887040.0,-0.1057999283075332,0.0175688527524471,-0.0502396970987319,-0.0489999651908874,-0.0124546903787103,-3253543632896.0,0.01,0.01,0.01,0.01,0.01,0.01,0.01,1.0,1.0,1.0,1.0,1.0,1.0,1.0,0.01,0.01,0.017568853,0.01,0.01,0.01,0.01,0.49443513,0.06760402,0.025578208,0.01,0.024038294,0.023117214,0.19986868,-0.2422244751917558,0.5511869895788436
1.35,-583887040.0,-0.1081527769565582,0.0362165868282318,-0.0504541918635368,-0.0598388537764549,-0.0200740121997249,-3253543632896.0,0.01,0.01,0.01,0.01,0.01,0.01,0.01,1.0,1.0,1.0,1.0,1.0,1.0,1.0,0.01,0.01,0.036216587,0.01,0.01,0.01,0.01,0.49443513,0.06103762,0.032457076,0.01,0.022597717,0.021774342,0.19986868,-0.2357881428673771,0.6999068801881243
1.36,-583887040.0,-0.1071303486824035,0.0108312731608748,-0.0304881483316421,-0.0754473581910133,-0.0529175469170805,-3253543632896.0,0.01,0.01,0.01,0.01,0.01,0.01,0.01,1.0,1.0,1.0,1.0,1.0,1.0,1.0,0.01,0.01,0.010831273,0.01,0.01,0.01,0.01,0.49443513,0.055336665,0.031121368,0.01,0.021315446,0.020578405,0.19986868,-0.2282202796625762,0.7906992251718071
1.37,-583887040.0,-0.1068113818764686,0.0537302084267139,-0.0282178595662117,-0.0921144485473632,-0.0923202041424832,-3253543632896.0,0.01,0.01,0.01,0.01,0.01,0.01,0.01,1.0,1.0,1.0,1.0,1.0,1.0,1.0,0.01,0.01,0.05373021,0.01,0.01,0.01,0.01,0.49443513,0.05034045,0.046424225,0.01,0.02016783,0.019507568,0.19986868,-0.2200576285380134,0.8259257381285343
1.38,-583887040.0,-0.1081360951066017,0.0172353666275739,-0.0156708993017673,-0.1072656959295272,-0.127138265805922,-3253543632896.0,0.01,0.01,0.01,0.01,0.01,0.01,0.01,1.0,1.0,1.0,1.0,1.0,1.0,1.0,0.01,0.01,0.017235367,0.01,0.01,0.01,0.01,0.49443513,0.045943283,0.044983216,0.01,0.019138996,0.018547183,0.19986868,-0.2120126268974221,0.7758655741645194
1.39,-583887040.0,-0.1038181674776818,0.0548842661082744,-0.0119160450994968,-0.1177165880799293,-0.1505474874219016,-3253543632896.0,0.01,0.01,0.01,0.01,0.01,0.01,0.01,1.0,1.0,1.0,1.0,1.0,1.0,1.0,0.01,0.01,0.054884266,0.01,0.01,0.01,0.01,0.49443513,0.042066094,0.051289,0.01,0.01821672,0.017685952,0.19986868,-0.2047908699569995,0.6776190721457875
1.4,-583887040.0,-0.04903690662316,0.0542447641491889,-0.0138694494962692,-0.1216140836477279,-0.1738422507336204,-3253543632896.0,0.01,0.01,0.01,0.01,0.01,0.01,0.01,1.0,1.0,1.0,1.0,1.0,1.0,1.0,0.01,0.01,0.054244764,0.01,0.01,0.01,0.01,0.49443513,0.038616203,0.053552,0.01,0.017384544,0.016908616,0.19986868,-0.1987362025542705,0.5611593134366707
1.41,-583887040.0,0.0039546284732994,0.0665125399827957,-0.0188201181590557,-0.1198362633585929,-0.2148608916238418,-3253543632896.0,0.01,0.01,0.01,0.01,0.01,0.01,0.01,1.0,1.0,1.0,1.0,1.0,1.0,1.0,0.01,0.01,0.06651254,0.01,0.01,0.01,0.01,0.49443513,0.035563473,0.06184063,0.01,0.016638283,0.016211325,0.19986868,-0.1938174786634581,0.4526872989063529
1.42,-583887040.0,0.0611735114446524,0.0545279458165168,-0.0237761437892913,-0.1152686327695846,-0.2688289485585816,-3253543632896.0,0.01,0.01,0.01,0.01,0.01,0.01,0.01,1.0,1.0,1.0,1.0,1.0,1.0,1.0,0.01,0.06117351,0.054527946,0.01,0.01,0.01,0.01,0.49443513,0.04505376,0.062412355,0.01,0.015971424,0.015588055,0.19986868,-0.1898857382107623,0.3509209446589602
1.4300000000000002,-583887040.0,0.0857258882031006,0.0645969435572624,-0.0281120464205741,-0.110034741461277,-0.332035193719176,-3253543632896.0,0.01,0.01,0.01,0.01,0.01,0.01,0.01,1.0,1.0,1.0,1.0,1.0,1.0,1.0,0.01,0.08572589,0.06459694,0.01,0.01,0.01,0.01,0.49443513,0.06369191,0.063685715,0.01,0.015373971,0.01502952,0.19986868,-0.1870234092775528,0.2314846450539081
1.44,-583887040.0,0.1243013263667827,0.0652615875005722,-0.0330828800797462,-0.1036947444081306,-0.3991193425239561,-3253543632896.0,0.01,0.01,0.01,0.01,0.01,0.01,0.01,1.0,1.0,1.0,1.0,1.0,1.0,1.0,0.01,0.12430133,0.06526159,0.01,0.01,0.01,0.01,0.49443513,0.093542054,0.06473455,0.01,0.014837271,0.014527672,0.19986868,-0.1855615679138658,0.0700054352727286
1.4500000000000002,-583887040.0,0.1588228390390947,0.0609177872538566,-0.0395600497722625,-0.0950356721878051,-0.3973463773727417,-3253543632896.0,0.01,0.01,0.01,0.01,0.01,0.01,0.01,1.0,1.0,1.0,1.0,1.0,1.0,1.0,0.01,0.15882283,0.060917787,0.01,0.01,0.01,0.01,0.49443513,0.12665653,0.064452566,0.01,0.014354642,0.014076299,0.19986868,-0.1860941313410976,-0.1588915927695947
1.46,-583887040.0,0.1776945038012296,0.0527106001973152,-0.0481882505118846,-0.0824437364935875,-0.3844035565853119,-3253543632896.0,0.01,0.01,0.01,0.01,0.01,0.01,0.01,1.0,1.0,1.0,1.0,1.0,1.0,1.0,0.01,0.1776945,0.0527106,0.01,0.01,0.01,0.01,0.49443513,0.1557367,0.06325002,0.01,0.013920793,0.013670479,0.19986868,-0.1892867939850598,-0.4503474113416065
1.4700000000000002,-583887040.0,0.1839459242293455,0.0392313599586486,-0.060550034046173,-0.0692626982927322,-0.3710685074329376,-3253543632896.0,0.01,0.01,0.01,0.01,0.01,0.01,0.01,1.0,1.0,1.0,1.0,1.0,1.0,1.0,0.01,0.18394592,0.03923136,0.01,0.01,0.01,0.01,0.49443513,0.17475098,0.06083245,0.01,0.013529722,0.013304615,0.19986868,-0.1955816247965359,-0.751733366519937
1.48,-583887040.0,0.1779378056952363,0.017651567235589,-0.084636740386486,-0.0400668680667877,-0.341587483882904,-3253543632896.0,0.01,0.01,0.01,0.01,0.01,0.01,0.01,1.0,1.0,1.0,1.0,1.0,1.0,1.0,0.01,0.1779378,0.017651567,0.01,0.01,0.01,0.01,0.49443513,0.18246496,0.05645466,0.01,0.013178058,0.012975575,0.19986868,-0.2046419563423603,-1.0064013279914297
1.4900000000000002,-583887040.0,0.1616480343915506,-0.0087578501552343,-0.1100300103425979,0.0102133080363273,-0.2895902097225189,-3253543632896.0,0.01,0.01,0.01,0.01,0.01,0.01,0.01,1.0,1.0,1.0,1.0,1.0,1.0,1.0,0.01,0.16164804,0.01,0.01,0.010213308,0.01,0.01,0.49443513,0.181183,0.051468223,0.01,0.012878868,0.012679555,0.19986868,-0.2159130358125322,-1.20360500022041
1.5,-583887040.0,0.1384016533568161,-0.0366547554731369,-0.1323229819536209,0.0411632731556892,-0.2571406662464142,-3253543632896.0,0.01,0.01,0.01,0.01,0.01,0.01,0.01,1.0,1.0,1.0,1.0,1.0,1.0,1.0,0.01,0.13840166,0.01,0.01,0.041163273,0.01,0.01,0.49443513,0.1765447,0.04694671,0.01,0.032671906,0.012414188,0.19986868,-0.2285796451832233,-1.2868842000660312
1.5099999999999998,-583887040.0,0.1130079696800276,-0.0644173920154571,-0.1472357958555221,-0.0792493671178817,-0.2428008615970611,-3253543632896.0,0.01,0.01,0.01,0.01,0.01,0.01,0.01,1.0,1.0,1.0,1.0,1.0,1.0,1.0,0.01,0.11300797,0.01,0.01,0.01,0.01,0.01,0.49443513,0.16879545,0.042958364,0.01,0.031629886,0.01217514,0.19986868,-0.2407445582545835,-1.1229433927976011
1.52,-583887040.0,0.0973745566884457,-0.0832932889461517,-0.148255854845047,-0.0300199184566736,-0.2455409490269461,-3253543632896.0,0.01,0.01,0.01,0.01,0.01,0.01,0.01,1.0,1.0,1.0,1.0,1.0,1.0,1.0,0.01,0.09737456,0.01,0.01,0.01,0.01,0.01,0.49443513,0.15962662,0.039431915,0.01,0.029378789,0.011959773,0.19986868,-0.2501731164926157,-0.7886121307521823
1.5299999999999998,-583887040.0,0.0851512036303003,-0.084781214594841,-0.137901946902275,0.024475023150444,-0.205348009172812,-3253543632896.0,0.01,0.01,0.01,0.01,0.01,0.01,0.01,1.0,1.0,1.0,1.0,1.0,1.0,1.0,0.01,0.0851512,0.01,0.01,0.024475023,0.01,0.01,0.49443513,0.15049802,0.036304206,0.01,0.028583862,0.011765554,0.19986868,-0.2560834927257187,-0.4558353617627174
1.54,-583887040.0,0.0539262930827837,-0.0718427747488021,-0.1242055147886276,0.0183807201683521,-0.1674195645278293,-3253543632896.0,0.01,0.01,0.01,0.01,0.01,0.01,0.01,1.0,1.0,1.0,1.0,1.0,1.0,1.0,0.01,0.053926293,0.01,0.01,0.01838072,0.01,0.01,0.49443513,0.1395651,0.033533607,0.01,0.027614707,0.01159086,0.19986868,-0.2591836590644639,-0.2112524518416746
1.5500000000000005,-583887040.0,0.0092426110144526,-0.0540441758930683,-0.1089375466108322,0.0048515647649765,-0.1204214201317779,-3253543632896.0,0.01,0.01,0.01,0.01,0.01,0.01,0.01,1.0,1.0,1.0,1.0,1.0,1.0,1.0,0.01,0.01,0.01,0.01,0.01,0.01,0.01,0.49443513,0.12514275,0.03107189,0.01,0.025903381,0.011433535,0.19986868,-0.2603663942254443,-0.0580546128729833
1.56,-583887040.0,-0.0485635330765091,-0.0370388180017471,-0.096304178237915,-0.0034773238003253,-0.0637599702950351,-3253543632896.0,0.01,0.01,0.01,0.01,0.01,0.01,0.01,1.0,1.0,1.0,1.0,1.0,1.0,1.0,0.01,0.01,0.01,0.01,0.01,0.01,0.01,0.49443513,0.11042636,0.028880747,0.01,0.024271023,0.011291807,0.19986868,-0.2604360337184317,0.0243165798491319
1.5699999999999998,-583887040.0,-0.1138485089696687,-0.0233001485466957,-0.0872176364064216,-0.0125871766358613,0.0001474171166649,-3253543632896.0,0.01,0.01,0.01,0.01,0.01,0.01,0.01,1.0,1.0,1.0,1.0,1.0,1.0,1.0,0.01,0.01,0.01,0.01,0.01,0.01,0.01,0.49443513,0.09791238,0.026923005,0.01,0.022808488,0.011163828,0.19986868,-0.2599011724588632,0.0719578270036149
1.58,-583887040.0,-0.1216850131750106,-0.0158895794302225,-0.0808511599898338,-0.0203653406351804,0.0601311515444257,-3253543632896.0,0.01,0.01,0.01,0.01,0.01,0.01,0.01,1.0,1.0,1.0,1.0,1.0,1.0,1.0,0.01,0.01,0.01,0.01,0.01,0.06013115,0.01,0.49443513,0.08728712,0.025183314,0.01,0.02150544,0.036482096,0.19986868,-0.2588998252532852,0.1315339579593865
1.59,-583887040.0,-0.1200738027691841,-0.0085408603772521,-0.0773084312677383,-0.0270424429327249,-0.0601137632185752,-3253543632896.0,0.01,0.01,0.01,0.01,0.01,0.01,0.01,1.0,1.0,1.0,1.0,1.0,1.0,1.0,0.01,0.01,0.01,0.01,0.01,0.01,0.01,0.49443513,0.07815803,0.02363012,0.01,0.020339444,0.03676281,0.19986868,-0.2567893866646396,0.2937644618226729
1.6,-583887040.0,-0.1193674057722091,0.0029609408229589,-0.0719974637031555,-0.0354371108114719,-0.0085952276904158,-3253543632896.0,0.01,0.01,0.01,0.01,0.01,0.01,0.01,1.0,1.0,1.0,1.0,1.0,1.0,1.0,0.01,0.01,0.01,0.01,0.01,0.01,0.01,0.49443513,0.070244744,0.022238662,0.01,0.019292792,0.033939406,0.19986868,-0.252566307470745,0.524064608329174
1.61,-583887040.0,-0.1151580959558487,0.026006618514657,-0.0601096302270889,-0.0469031184911727,-0.0081483213378184,-3253543632896.0,0.01,0.01,0.01,0.01,0.01,0.01,0.01,1.0,1.0,1.0,1.0,1.0,1.0,1.0,0.01,0.01,0.026006619,0.01,0.01,0.01,0.01,0.49443513,0.06334124,0.02459684,0.01,0.01835138,0.03142201,0.19986868,-0.2459430509553418,0.7481530621481727
1.62,-583887040.0,-0.1078358739614486,0.0229136049747467,-0.0388481579720974,-0.0670733302831649,-0.0384054764202098,-3253543632896.0,0.01,0.01,0.01,0.01,0.01,0.01,0.01,1.0,1.0,1.0,1.0,1.0,1.0,1.0,0.01,0.01,0.022913605,0.01,0.01,0.01,0.01,0.49443513,0.05734626,0.024747351,0.01,0.017509967,0.029190708,0.19986868,-0.2374404686426361,0.9184585873783973
1.63,-583887040.0,-0.1022725701332092,0.0627288073301315,-0.017268918454647,-0.0926133394241333,-0.0795975669153975,-3253543632896.0,0.01,0.01,0.01,0.01,0.01,0.01,0.01,1.0,1.0,1.0,1.0,1.0,1.0,1.0,0.01,0.01,0.06272881,0.01,0.01,0.01,0.01,0.49443513,0.052109726,0.051134635,0.01,0.016756404,0.027206931,0.19986868,-0.2276513344201485,1.0091634050889349
1.64,-583887040.0,-0.0997785627841949,-0.010094691067934,-0.0105508789420127,-0.1168422549962997,-0.1198081504614337,-3253543632896.0,0.01,0.01,0.01,0.01,0.01,0.01,0.01,1.0,1.0,1.0,1.0,1.0,1.0,1.0,0.01,0.01,0.01,0.01,0.01,0.01,0.01,0.49443513,0.04750325,0.048777953,0.01,0.01607911,0.025435207,0.19986868,-0.2177603195705525,0.9527730713389082
1.65,-583887040.0,-0.1031121239066124,0.0365593582391738,-0.0027951709926128,-0.1329336166381836,-0.1493958438925484,-3253543632896.0,0.01,0.01,0.01,0.01,0.01,0.01,0.01,1.0,1.0,1.0,1.0,1.0,1.0,1.0,0.01,0.01,0.03655936,0.01,0.01,0.01,0.01,0.49443513,0.04344331,0.047086246,0.01,0.015470563,0.023852404,0.19986868,-0.2090622689187651,0.7995669205453355
1.66,-583887040.0,-0.0510399886993869,0.083131268620491,-0.0066639743745327,-0.1366094797849655,-0.1713422238286651,-3253543632896.0,0.01,0.01,0.01,0.01,0.01,0.01,0.01,1.0,1.0,1.0,1.0,1.0,1.0,1.0,0.01,0.01,0.08313127,0.01,0.01,0.01,0.01,0.49443513,0.039850675,0.07181035,0.01,0.0149228405,0.022435019,0.19986868,-0.2020509961613427,0.6278227726041928
1.67,-583887040.0,-0.0007944090909637,0.037733044475317,-0.0144772306084632,-0.1313675493001938,-0.2093970026128943,-3253543632896.0,0.01,0.01,0.01,0.01,0.01,0.01,0.01,1.0,1.0,1.0,1.0,1.0,1.0,1.0,0.01,0.01,0.037733044,0.01,0.01,0.01,0.01,0.49443513,0.03666851,0.071034,0.01,0.014430221,0.02116608,0.19986868,-0.196987023398299,0.4185906117955498
1.6800000000000002,-583887040.0,0.0524467577779108,0.0573370978236198,-0.0235031358897686,-0.1210866570472717,-0.2582376988090113,-3253543632896.0,0.01,0.01,0.01,0.01,0.01,0.01,0.01,1.0,1.0,1.0,1.0,1.0,1.0,1.0,0.01,0.052446757,0.057337098,0.01,0.01,0.01,0.01,0.49443513,0.041343633,0.06897307,0.01,0.013987806,0.02003124,0.19986868,-0.1940133891077744,0.2188795991679668
1.69,-583887040.0,0.0812886336736755,0.0677631050348281,-0.0332967191934585,-0.1079399734735488,-0.3138722922985526,-3253543632896.0,0.01,0.01,0.01,0.01,0.01,0.01,0.01,1.0,1.0,1.0,1.0,1.0,1.0,1.0,0.01,0.081288636,0.067763105,0.01,0.01,0.01,0.01,0.49443513,0.059174538,0.068650536,0.01,0.013591245,0.01901791,0.19986868,-0.1927087691447385,0.0666818528300205
1.7000000000000002,-583887040.0,0.1143687821851345,0.0644488781690597,-0.0416319146752357,-0.0953818410634994,-0.3748231783598657,-3253543632896.0,0.01,0.01,0.01,0.01,0.01,0.01,0.01,1.0,1.0,1.0,1.0,1.0,1.0,1.0,0.01,0.11436878,0.06444888,0.01,0.01,0.01,0.01,0.49443513,0.08606324,0.06824081,0.01,0.0132342195,0.01810861,0.19986868,-0.1927682075151591,-0.0620867863864701
1.71,-583887040.0,0.148279705354614,0.0568548403680324,-0.048936940729618,-0.0837517976760864,-0.3826509714126587,-3253543632896.0,0.01,0.01,0.01,0.01,0.01,0.01,0.01,1.0,1.0,1.0,1.0,1.0,1.0,1.0,0.01,0.14827971,0.05685484,0.01,0.01,0.01,0.01,0.49443513,0.11732378,0.0671372,0.01,0.012912251,0.017290995,0.19986868,-0.1942195285455679,-0.2103949004615142
1.7200000000000002,-583887040.0,0.1683364227208715,0.0474321134388446,-0.0560407973825931,-0.0738562643527984,-0.3735969364643097,-3253543632896.0,0.01,0.01,0.01,0.01,0.01,0.01,0.01,1.0,1.0,1.0,1.0,1.0,1.0,1.0,0.01,0.16833642,0.047432113,0.01,0.01,0.01,0.01,0.49443513,0.14565857,0.06507901,0.01,0.012622851,0.016558088,0.19986868,-0.1974050801770579,-0.4054901179781212
1.73,-583887040.0,0.177338725941642,0.0359319075942039,-0.0684128850698471,-0.062197096645832,-0.3609040975570678,-3253543632896.0,0.01,0.01,0.01,0.01,0.01,0.01,0.01,1.0,1.0,1.0,1.0,1.0,1.0,1.0,0.01,0.17733872,0.035931908,0.01,0.01,0.01,0.01,0.49443513,0.1667118,0.061995957,0.01,0.012361845,0.015898662,0.19986868,-0.2028123362204575,-0.633885569040762
1.7400000000000002,-583887040.0,0.173764076768438,0.0190064255148172,-0.0861216112971305,-0.0385086424648761,-0.335483580827713,-3253543632896.0,0.01,0.01,0.01,0.01,0.01,0.01,0.01,1.0,1.0,1.0,1.0,1.0,1.0,1.0,0.01,0.17376408,0.019006426,0.01,0.01,0.01,0.01,0.49443513,0.17641449,0.0575862,0.01,0.012126396,0.01530508,0.19986868,-0.2105715415580713,-0.8598834927128126
1.75,-583887040.0,0.1615170707509183,-0.0034768693149089,-0.1060529723763465,-0.0005493611097335,-0.2949211299419403,-3253543632896.0,0.01,0.01,0.01,0.01,0.01,0.01,0.01,1.0,1.0,1.0,1.0,1.0,1.0,1.0,0.01,0.16151707,0.01,0.01,0.01,0.01,0.01,0.49443513,0.17686708,0.05251204,0.01,0.011914486,0.0147719,0.19986868,-0.2204459944314323,-1.058975986286926
1.7599999999999998,-583887040.0,0.1411992551267772,-0.0278973057866096,-0.1253193765878677,0.0291032195091247,-0.2638448178768158,-3253543632896.0,0.01,0.01,0.01,0.01,0.01,0.01,0.01,1.0,1.0,1.0,1.0,1.0,1.0,1.0,0.01,0.14119926,0.01,0.01,0.02910322,0.01,0.01,0.49443513,0.17331262,0.04785632,0.01,0.023695743,0.014295945,0.19986868,-0.2318437073169708,-1.180769591949127
1.77,-583887040.0,0.1170726781171476,-0.0533845983445644,-0.1395267844200134,-0.0610093809664249,-0.2482677698135376,-3253543632896.0,0.01,0.01,0.01,0.01,0.01,0.01,0.01,1.0,1.0,1.0,1.0,1.0,1.0,1.0,0.01,0.11707268,0.01,0.01,0.01,0.01,0.01,0.49443513,0.16668518,0.043757074,0.01,0.023219237,0.013868114,0.19986868,-0.2434305503983759,-1.1118107923145413
1.7799999999999998,-583887040.0,0.0994291154297039,-0.0741225481033325,-0.1448611915111541,-0.0165409669280052,-0.2471072971820831,-3253543632896.0,0.01,0.01,0.01,0.01,0.01,0.01,0.01,1.0,1.0,1.0,1.0,1.0,1.0,1.0,0.01,0.099429116,0.01,0.01,0.01,0.01,0.01,0.49443513,0.15823959,0.040135488,0.01,0.021871377,0.013483157,0.19986868,-0.2534312011881232,-0.9039276061811918
1.79,-583887040.0,0.0860560349704653,-0.0827714577317237,-0.1427340507507324,0.0421975925564765,-0.2028628768471716,-3253543632896.0,0.01,0.01,0.01,0.01,0.01,0.01,0.01,1.0,1.0,1.0,1.0,1.0,1.0,1.0,0.01,0.08605603,0.01,0.01,0.042197593,0.01,0.01,0.49443513,0.14935365,0.036931626,0.01,0.03571712,0.01313696,0.19986868,-0.2611458534081562,-0.6605708128413511
1.8000000000000005,-583887040.0,0.0525293918283827,-0.0800219103693962,-0.1357352286577224,-0.0381942316889762,-0.1576385265186769,-3253543632896.0,0.01,0.01,0.01,0.01,0.01,0.01,0.01,1.0,1.0,1.0,1.0,1.0,1.0,1.0,0.01,0.05252939,0.01,0.01,0.01,0.01,0.01,0.49443513,0.13847293,0.034089725,0.01,0.03430863,0.012825364,0.19986868,-0.2660439408872156,-0.3525858409238232
1.81,-583887040.0,0.0072277162451971,-0.067616693675518,-0.1217106878757476,-0.0214438028633594,-0.1129170001382096,-3253543632896.0,0.01,0.01,0.01,0.01,0.01,0.01,0.01,1.0,1.0,1.0,1.0,1.0,1.0,1.0,0.01,0.01,0.01,0.01,0.01,0.01,0.01,0.49443513,0.12424319,0.03156171,0.01,0.03175626,0.012544579,0.19986868,-0.2677701194545973,-0.0496924991260404
1.82,-583887040.0,-0.0458677866514598,-0.0481027588248252,-0.1041937097907066,-0.0117566119879484,-0.0639311146549474,-3253543632896.0,0.01,0.01,0.01,0.01,0.01,0.01,0.01,1.0,1.0,1.0,1.0,1.0,1.0,1.0,0.01,0.01,0.01,0.01,0.01,0.01,0.01,0.49443513,0.10967002,0.029317202,0.01,0.0294904,0.012292297,0.19986868,-0.2669169825040869,0.175254039384616
1.83,-583887040.0,-0.1074253939490375,-0.0272200908511877,-0.0878457427024841,-0.0157103221863508,-0.0073773019319263,-3253543632896.0,0.01,0.01,0.01,0.01,0.01,0.01,0.01,1.0,1.0,1.0,1.0,1.0,1.0,1.0,0.01,0.01,0.01,0.01,0.01,0.01,0.01,0.49443513,0.09731646,0.02731758,0.01,0.027471974,0.012065177,0.19986868,-0.2643932427252876,0.2982230636952979
1.84,-583887040.0,-0.119231142103672,-0.0128104882314801,-0.0772276818752288,-0.0250471122562885,0.050475516173353,-3253543632896.0,0.01,0.01,0.01,0.01,0.01,0.01,0.01,1.0,1.0,1.0,1.0,1.0,1.0,1.0,0.01,0.01,0.01,0.01,0.01,0.050475515,0.01,0.49443513,0.08677938,0.025535956,0.01,0.025673768,0.029787716,0.19986868,-0.2610899362605468,0.351532584561582
1.85,-583887040.0,-0.1110863238573074,0.0048743113875389,-0.0685430690646171,-0.033999316394329,-0.0451188128099813,-3253543632896.0,0.01,0.01,0.01,0.01,0.01,0.01,0.01,1.0,1.0,1.0,1.0,1.0,1.0,1.0,0.01,0.01,0.01,0.01,0.01,0.01,0.01,0.49443513,0.07770379,0.023943054,0.01,0.024066174,0.03089502,0.19986868,-0.2571312346080464,0.4417191014098229
1.86,-583887040.0,-0.1087689697742462,0.0256599932909011,-0.0589737147092819,-0.0423963665962219,-0.005909863453356,-3253543632896.0,0.01,0.01,0.01,0.01,0.01,0.01,0.01,1.0,1.0,1.0,1.0,1.0,1.0,1.0,0.01,0.01,0.025659993,0.01,0.01,0.01,0.01,0.49443513,0.06984966,0.025029797,0.01,0.02262841,0.028722128,0.19986868,-0.2519081194947253,0.587872546398012
1.87,-583887040.0,-0.1075954735279083,0.024450410157442,-0.0464901179075241,-0.0540025569498539,-0.0075438742499902,-3253543632896.0,0.01,0.01,0.01,0.01,0.01,0.01,0.01,1.0,1.0,1.0,1.0,1.0,1.0,1.0,0.01,0.01,0.02445041,0.01,0.01,0.01,0.01,0.49443513,0.06297579,0.025164353,0.01,0.021334626,0.026773803,0.19986868,-0.2450895665773072,0.735697808531697
1.88,-583887040.0,-0.1048265397548675,0.0479091927409172,-0.0335670001804828,-0.0725497007369995,-0.0375993067577808,-3253543632896.0,0.01,0.01,0.01,0.01,0.01,0.01,0.01,1.0,1.0,1.0,1.0,1.0,1.0,1.0,0.01,0.01,0.047909193,0.01,0.01,0.01,0.01,0.49443513,0.057035275,0.040738456,0.01,0.020185152,0.025049018,0.19986868,-0.2370303832084822,0.8523495880877741
1.89,-583887040.0,-0.1039541214704513,4.346482455730438e-06,-0.0182979144155979,-0.0917004644870758,-0.0776092844584155,-3253543632896.0,0.01,0.01,0.01,0.01,0.01,0.01,0.01,1.0,1.0,1.0,1.0,1.0,1.0,1.0,0.01,0.01,0.01,0.01,0.01,0.01,0.01,0.49443513,0.051830173,0.03897264,0.01,0.019154958,0.023507802,0.19986868,-0.2283070226491251,0.8718276688942023
1.9,-583887040.0,-0.1053114905953407,0.0409856438636779,-0.0216027460992336,-0.1087111830711364,-0.1151022107743651,-3253543632896.0,0.01,0.01,0.01,0.01,0.01,0.01,0.01,1.0,1.0,1.0,1.0,1.0,1.0,1.0,0.01,0.01,0.040985644,0.01,0.01,0.01,0.01,0.49443513,0.047251005,0.04019042,0.01,0.018230405,0.02212829,0.19986868,-0.2198520980886941,0.8210016983139756
1.91,-583887040.0,-0.1102857962250709,0.0676193460822105,-0.013175006955862,-0.1194275915622711,-0.1415632426941153,-3253543632896.0,0.01,0.01,0.01,0.01,0.01,0.01,0.01,1.0,1.0,1.0,1.0,1.0,1.0,1.0,0.01,0.01,0.067619346,0.01,0.01,0.01,0.01,0.49443513,0.043221936,0.05872824,0.01,0.01740208,0.02089535,0.19986868,-0.2120556065019043,0.7406891858591942
1.92,-583887040.0,-0.0651950495451256,0.0303850341588258,-0.0131604485213756,-0.1240635067224502,-0.1613902419863382,-3253543632896.0,0.01,0.01,0.01,0.01,0.01,0.01,0.01,1.0,1.0,1.0,1.0,1.0,1.0,1.0,0.01,0.01,0.030385034,0.01,0.01,0.01,0.01,0.49443513,0.039657027,0.057840373,0.01,0.016657602,0.019789556,0.19986868,-0.2054167612558154,0.599829079623264
1.93,-583887040.0,-0.0127578993287368,0.0580808371305465,-0.0176364742219448,-0.1226289346814155,-0.197945428480783,-3253543632896.0,0.01,0.01,0.01,0.01,0.01,0.01,0.01,1.0,1.0,1.0,1.0,1.0,1.0,1.0,0.01,0.01,0.058080837,0.01,0.01,0.01,0.01,0.49443513,0.036499687,0.057777435,0.01,0.015988853,0.01879815,0.19986868,-0.2003542646459409,0.4430877116495568
1.94,-583887040.0,0.0413450092455494,0.0714190304279327,-0.0247224122285842,-0.1160241290926933,-0.2468648476539785,-3253543632896.0,0.01,0.01,0.01,0.01,0.01,0.01,0.01,1.0,1.0,1.0,1.0,1.0,1.0,1.0,0.01,0.041345008,0.07141903,0.01,0.01,0.01,0.01,0.49443513,0.036927056,0.06647008,0.01,0.015389098,0.017910589,0.19986868,-0.1966369773330313,0.324316862415555
1.95,-583887040.0,0.0834064235008376,0.0546331331133842,-0.0309936814010143,-0.1081335395574569,-0.3055123170709359,-3253543632896.0,0.01,0.01,0.01,0.01,0.01,0.01,0.01,1.0,1.0,1.0,1.0,1.0,1.0,1.0,0.01,0.083406426,0.054633133,0.01,0.01,0.01,0.01,0.49443513,0.058502015,0.06649339,0.01,0.014850408,0.017114632,0.19986868,-0.1939910869006646,0.2177646486405728
1.96,-583887040.0,0.1024030622742547,0.0603431016206741,-0.0364033244550228,-0.1005124449729919,-0.3705437171702616,-3253543632896.0,0.01,0.01,0.01,0.01,0.01,0.01,0.01,1.0,1.0,1.0,1.0,1.0,1.0,1.0,0.01,0.10240306,0.0603431,0.01,0.01,0.01,0.01,0.49443513,0.078495674,0.06570837,0.01,0.014367085,0.016401492,0.19986868,-0.1925345512450049,0.0809853396380173
1.97,-583887040.0,0.1544902262919317,0.0604022070765495,-0.0422322377562522,-0.0921735092997551,-0.3925220966339111,-3253543632896.0,0.01,0.01,0.01,0.01,0.01,0.01,0.01,1.0,1.0,1.0,1.0,1.0,1.0,1.0,0.01,0.15449023,0.060402207,0.01,0.01,0.01,0.01,0.49443513,0.116728574,0.065103695,0.01,0.013931577,0.01575969,0.19986868,-0.1926986705789534,-0.0980553362190531
1.98,-583887040.0,0.1630078431725335,0.0533271729946136,-0.0495438873767852,-0.0813060104846954,-0.3816514611244201,-3253543632896.0,0.01,0.01,0.01,0.01,0.01,0.01,0.01,1.0,1.0,1.0,1.0,1.0,1.0,1.0,0.01,0.16300784,0.053327173,0.01,0.01,0.01,0.01,0.49443513,0.1422054,0.063883886,0.01,0.013540259,0.015183661,0.19986868,-0.1950213474105756,-0.3454804645716244
1.99,-583887040.0,0.1834505939460193,0.0414745584130287,-0.0583706796169281,-0.0701974630355835,-0.370947927236557,-3253543632896.0,0.01,0.01,0.01,0.01,0.01,0.01,0.01,1.0,1.0,1.0,1.0,1.0,1.0,1.0,0.01,0.1834506,0.04147456,0.01,0.01,0.01,0.01,0.49443513,0.16745637,0.0615462,0.01,0.01318825,0.014666022,0.19986868,-0.2000561008042419,-0.6254099160393299
2.0,-583887040.0,0.1759660378847647,0.0254703015089035,-0.0785552784800529,-0.0495955199003219,-0.3499292433261871,-3253543632896.0,0.01,0.01,0.01,0.01,0.01,0.01,0.01,1.0,1.0,1.0,1.0,1.0,1.0,1.0,0.01,0.17596604,0.025470302,0.01,0.01,0.01,0.01,0.49443513,0.17754392,0.057849016,0.01,0.012870714,0.014199487,0.19986868,-0.2078799719230379,-0.8845388604250463
2.01,-583887040.0,0.1657616027931873,-0.0001855660229921,-0.1021922975778579,-0.0076505728065967,-0.3062601089477539,-3253543632896.0,0.01,0.01,0.01,0.01,0.01,0.01,0.01,1.0,1.0,1.0,1.0,1.0,1.0,1.0,0.01,0.1657616,0.01,0.01,0.01,0.01,0.01,0.49443513,0.17910105,0.05286784,0.01,0.012585044,0.013780116,0.19986868,-0.2180049783539024,-1.0927462559663748
2.02,-583887040.0,0.1442635599009193,-0.0262849852442741,-0.124327540397644,0.0306565314531326,-0.2657908201217651,-3253543632896.0,0.01,0.01,0.01,0.01,0.01,0.01,0.01,1.0,1.0,1.0,1.0,1.0,1.0,1.0,0.01,0.14426357,0.01,0.01,0.030656531,0.01,0.01,0.49443513,0.17568949,0.048170406,0.01,0.02503425,0.013404139,0.19986868,-0.2297477271491417,-1.2144115233658503
2.03,-583887040.0,0.1195031921886999,-0.0533414781093597,-0.128060758113861,-0.0602688081562519,-0.2477059364318847,-3253543632896.0,0.01,0.01,0.01,0.01,0.01,0.01,0.01,1.0,1.0,1.0,1.0,1.0,1.0,1.0,0.01,0.11950319,0.01,0.01,0.01,0.01,0.01,0.49443513,0.16909163,0.044034738,0.01,0.024448046,0.013065963,0.19986868,-0.2416212584702434,-1.135515662116537
2.04,-583887040.0,0.1009791294389204,-0.074931152164936,-0.1507973074913025,-0.014122299849987,-0.2472178339958191,-3253543632896.0,0.01,0.01,0.01,0.01,0.01,0.01,0.01,1.0,1.0,1.0,1.0,1.0,1.0,1.0,0.01,0.10097913,0.01,0.01,0.01,0.01,0.01,0.49443513,0.16056232,0.040380042,0.01,0.022969944,0.012761417,0.19986868,-0.2517705838788672,-0.914115764301736
2.0500000000000003,-583887040.0,0.0903526393331466,-0.0834768489003181,-0.1425791233778,0.0459016263484954,-0.2150675207521822,-3253543632896.0,0.01,0.01,0.01,0.01,0.01,0.01,0.01,1.0,1.0,1.0,1.0,1.0,1.0,1.0,0.01,0.09035264,0.01,0.01,0.045901626,0.01,0.01,0.49443513,0.15171736,0.037149277,0.01,0.038753238,0.01248755,0.19986868,-0.2595313362061215,-0.6585114300241405
2.06,-583887040.0,0.0613320951666142,-0.0801818221807479,-0.1354064643383026,-0.0392023585736751,-0.1707896867050844,-3253543632896.0,0.01,0.01,0.01,0.01,0.01,0.01,0.01,1.0,1.0,1.0,1.0,1.0,1.0,1.0,0.01,0.061332095,0.01,0.01,0.01,0.01,0.01,0.49443513,0.14147258,0.03428197,0.01,0.037445545,0.012240815,0.19986868,-0.2643152128928626,-0.3351494199878671
2.0700000000000003,-583887040.0,0.0189748115357877,-0.0667290389537811,-0.1206425428390502,-0.0234713591635227,-0.1278907719248779,-3253543632896.0,0.01,0.01,0.01,0.01,0.01,0.01,0.01,1.0,1.0,1.0,1.0,1.0,1.0,1.0,0.01,0.01897481,0.01,0.01,0.01,0.01,0.01,0.49443513,0.12798156,0.0317341,0.01,0.034543198,0.012018587,0.19986868,-0.2658053351576268,-0.0194672646593546
2.08,-583887040.0,-0.0315436784138154,-0.046168278902769,-0.1024007797241211,-0.0139697752892971,-0.0802161067732603,-3253543632896.0,0.01,0.01,0.01,0.01,0.01,0.01,0.01,1.0,1.0,1.0,1.0,1.0,1.0,1.0,0.01,0.01,0.01,0.01,0.01,0.01,0.01,0.49443513,0.11295914,0.02947075,0.01,0.03196946,0.011818737,0.19986868,-0.2646224272445838,0.2089097259827247
2.09,-583887040.0,-0.0914094553253126,-0.0242978297173976,-0.0854618921875953,-0.0174325704574584,-0.0242312647770055,-3253543632896.0,0.01,0.01,0.01,0.01,0.01,0.01,0.01,1.0,1.0,1.0,1.0,1.0,1.0,1.0,0.01,0.01,0.01,0.01,0.01,0.01,0.01,0.49443513,0.10011419,0.027454522,0.01,0.029680258,0.011638769,0.19986868,-0.2617994521295923,0.323996224352054
2.1,-583887040.0,-0.1150592565536499,-0.0094949575141072,-0.0750309228897094,-0.0263188611716032,0.037939783410955,-3253543632896.0,0.01,0.01,0.01,0.01,0.01,0.01,0.01,1.0,1.0,1.0,1.0,1.0,1.0,1.0,0.01,0.01,0.01,0.01,0.01,0.037939783,0.01,0.49443513,0.08917248,0.025657685,0.01,0.027642956,0.022472424,0.19986868,-0.2583186711066565,0.36080089407563
2.11,-583887040.0,-0.1066155284643173,0.0093250479549169,-0.066004529595375,-0.034867662936449,-0.0224383383257095,-3253543632896.0,0.01,0.01,0.01,0.01,0.01,0.01,0.01,1.0,1.0,1.0,1.0,1.0,1.0,1.0,0.01,0.01,0.01,0.01,0.01,0.01,0.01,0.49443513,0.07975874,0.024050832,0.01,0.025823252,0.02440571,0.19986868,-0.2544359808442489,0.4198923644798453
2.12,-583887040.0,-0.1055257990956306,0.0287643931806087,-0.0573531910777092,-0.0425447635352611,0.0063249431724834,-3253543632896.0,0.01,0.01,0.01,0.01,0.01,0.01,0.01,1.0,1.0,1.0,1.0,1.0,1.0,1.0,0.01,0.01,0.028764393,0.01,0.01,0.01,0.01,0.49443513,0.07163322,0.02718729,0.01,0.024199175,0.02293244,0.19986868,-0.2496144219420981,0.5342266407142297
2.13,-583887040.0,-0.106486901640892,0.0121154133230447,-0.0473371371626853,-0.0519099719822406,0.0034738427852544,-3253543632896.0,0.01,0.01,0.01,0.01,0.01,0.01,0.01,1.0,1.0,1.0,1.0,1.0,1.0,1.0,0.01,0.01,0.012115413,0.01,0.01,0.01,0.01,0.49443513,0.06452594,0.02644492,0.01,0.022738546,0.021923259,0.19986868,-0.2435470862549706,0.647517639731279
2.14,-583887040.0,-0.1062322556972503,0.0436371564865112,-0.0411786884069442,-0.067449927330017,-0.0287383463913459,-3253543632896.0,0.01,0.01,0.01,0.01,0.01,0.01,0.01,1.0,1.0,1.0,1.0,1.0,1.0,1.0,0.01,0.01,0.043637156,0.01,0.01,0.01,0.01,0.49443513,0.05838566,0.03794355,0.01,0.021441277,0.02071155,0.19986868,-0.2364998898062378,0.7436969334344675
2.15,-583887040.0,-0.1071241497993469,0.0052197501063346,-0.0258847959339618,-0.0833771824836731,-0.0682060937649884,-3253543632896.0,0.01,0.01,0.01,0.01,0.01,0.01,0.01,1.0,1.0,1.0,1.0,1.0,1.0,1.0,0.01,0.01,0.01,0.01,0.01,0.01,0.01,0.49443513,0.053012766,0.03636576,0.01,0.020279989,0.019626366,0.19986868,-0.2288401347993024,0.7712271750816211
2.16,-583887040.0,-0.109078399837017,0.0439289733767509,-0.0277027525007724,-0.0980764627456665,-0.1060332689035395,-3253543632896.0,0.01,0.01,0.01,0.01,0.01,0.01,0.01,1.0,1.0,1.0,1.0,1.0,1.0,1.0,0.01,0.01,0.043928973,0.01,0.01,0.01,0.01,0.49443513,0.048291426,0.04129523,0.01,0.019238867,0.018653087,0.19986868,-0.2212284726222112,0.7491378954917691
2.17,-583887040.0,-0.113276720046997,0.0437609516084194,-0.0193006135523319,-0.1087464541196823,-0.1341543851086162,-3253543632896.0,0.01,0.01,0.01,0.01,0.01,0.01,0.01,1.0,1.0,1.0,1.0,1.0,1.0,1.0,0.01,0.01,0.04376095,0.01,0.01,0.01,0.01,0.49443513,0.04410914,0.043172225,0.01,0.018300658,0.017775713,0.19986868,-0.2140397132890373,0.6976765716465473
2.18,-583887040.0,-0.0817550324153729,0.0612015761435031,-0.0178679414093494,-0.1148334965109825,-0.1518346056081476,-3253543632896.0,0.01,0.01,0.01,0.01,0.01,0.01,0.01,1.0,1.0,1.0,1.0,1.0,1.0,1.0,0.01,0.01,0.061201576,0.01,0.01,0.01,0.01,0.49443513,0.040444676,0.054942492,0.01,0.01746455,0.016993549,0.19986868,-0.2074258655661338,0.631031239102058
2.19,-583887040.0,-0.0273958589821834,0.0396462082862854,-0.0186187215149402,-0.1172896772623062,-0.1859267231619681,-3253543632896.0,0.01,0.01,0.01,0.01,0.01,0.01,0.01,1.0,1.0,1.0,1.0,1.0,1.0,1.0,0.01,0.01,0.03964621,0.01,0.01,0.01,0.01,0.49443513,0.037183855,0.055242904,0.01,0.016710386,0.016287845,0.19986868,-0.2016950564879779,0.5336534428336038
2.2,-583887040.0,0.028006321617235,0.0602959133684635,-0.0219637155532836,-0.1159755289554596,-0.2355587288608951,-3253543632896.0,0.01,0.01,0.01,0.01,0.01,0.01,0.01,1.0,1.0,1.0,1.0,1.0,1.0,1.0,0.01,0.02800632,0.060295913,0.01,0.01,0.01,0.01,0.49443513,0.034791593,0.058284745,0.01,0.016033456,0.01565425,0.19986868,-0.1970203078470364,0.429974032923971
2.21,-583887040.0,0.0836337900504274,0.0617287270724773,-0.0264230035245418,-0.1118737533688545,-0.2951930760577964,-3253543632896.0,0.01,0.01,0.01,0.01,0.01,0.01,0.01,1.0,1.0,1.0,1.0,1.0,1.0,1.0,0.01,0.08363379,0.061728727,0.01,0.01,0.01,0.01,0.49443513,0.057777494,0.060597565,0.01,0.015430031,0.015089308,0.19986868,-0.1932308861219086,0.3365597317712478
2.22,-583887040.0,0.0876386795671606,0.0631918832659721,-0.0302022341638803,-0.1073393747210502,-0.3621880752401439,-3253543632896.0,0.01,0.01,0.01,0.01,0.01,0.01,0.01,1.0,1.0,1.0,1.0,1.0,1.0,1.0,0.01,0.087638676,0.06319188,0.01,0.01,0.01,0.01,0.49443513,0.070694245,0.062341634,0.01,0.014888074,0.014581811,0.19986868,-0.1905803710783742,0.1987208286365209
2.23,-583887040.0,0.1562962061110159,0.0614424496889114,-0.0354235954582691,-0.1008476912975311,-0.4032236337661743,-3253543632896.0,0.01,0.01,0.01,0.01,0.01,0.01,0.01,1.0,1.0,1.0,1.0,1.0,1.0,1.0,0.01,0.15629621,0.06144245,0.01,0.01,0.01,0.01,0.49443513,0.11464884,0.062349934,0.01,0.014401068,0.014125682,0.19986868,-0.1895997667998063,0.0051392305186792
2.24,-583887040.0,0.1588657162841437,0.0571595504879951,-0.0428525023162364,-0.0908782631158828,-0.3928773403167724,-3253543632896.0,0.01,0.01,0.01,0.01,0.01,0.01,0.01,1.0,1.0,1.0,1.0,1.0,1.0,1.0,0.01,0.15886572,0.05715955,0.01,0.01,0.01,0.01,0.49443513,0.1379421,0.061827973,0.01,0.013962573,0.013714923,0.19986868,-0.1910379438986857,-0.2709746218959412
2.25,-583887040.0,0.1904329848389972,0.0459064953029155,-0.0527906417846679,-0.0766320824623107,-0.3780952394008636,-3253543632896.0,0.01,0.01,0.01,0.01,0.01,0.01,0.01,1.0,1.0,1.0,1.0,1.0,1.0,1.0,0.01,0.19043298,0.045906495,0.01,0.01,0.01,0.01,0.49443513,0.16875643,0.06020319,0.01,0.013568222,0.013345458,0.19986868,-0.1955212907051285,-0.5871821784918018
2.26,-583887040.0,0.1801978447122347,0.0300872139632701,-0.0704191029071807,-0.0596280880272388,-0.3612521290779114,-3253543632896.0,0.01,0.01,0.01,0.01,0.01,0.01,0.01,1.0,1.0,1.0,1.0,1.0,1.0,1.0,0.01,0.18019785,0.030087214,0.01,0.01,0.01,0.01,0.49443513,0.17993689,0.057173308,0.01,0.01321259,0.013012224,0.19986868,-0.2031807999323187,-0.8836322916917655
2.27,-583887040.0,0.1739850715224807,0.0038742581382393,-0.0968468785285949,-0.0186097100377082,-0.3193407952785492,-3253543632896.0,0.01,0.01,0.01,0.01,0.01,0.01,0.01,1.0,1.0,1.0,1.0,1.0,1.0,1.0,0.01,0.17398508,0.01,0.01,0.01,0.01,0.01,0.49443513,0.18357016,0.052312784,0.01,0.012893216,0.012712928,0.19986868,-0.2134036076741261,-1.1157703285418386
2.28,-583887040.0,0.151766719736887,-0.0232795029878616,-0.121811106801033,0.0290373712778091,-0.2700099050998688,-3253543632896.0,0.01,0.01,0.01,0.01,0.01,0.01,0.01,1.0,1.0,1.0,1.0,1.0,1.0,1.0,0.01,0.15176672,0.01,0.01,0.029037371,0.01,0.01,0.49443513,0.18062878,0.047679763,0.01,0.023838054,0.012443736,0.19986868,-0.2255118172616405,-1.2607959340702095
2.29,-583887040.0,0.126012203513786,-0.0523830279707908,-0.1413295269012451,-0.0571728982031345,-0.2474226653575897,-3253543632896.0,0.01,0.01,0.01,0.01,0.01,0.01,0.01,1.0,1.0,1.0,1.0,1.0,1.0,1.0,0.01,0.1260122,0.01,0.01,0.01,0.01,0.01,0.49443513,0.17428201,0.043601707,0.01,0.023313213,0.012201568,0.19986868,-0.2379814479962102,-1.2053700063135269
2.3000000000000003,-583887040.0,0.1049595411899281,-0.0765477046370506,-0.1419211030006408,-0.0014939680695533,-0.2448496222496032,-3253543632896.0,0.01,0.01,0.01,0.01,0.01,0.01,0.01,1.0,1.0,1.0,1.0,1.0,1.0,1.0,0.01,0.10495954,0.01,0.01,0.01,0.01,0.01,0.49443513,0.16560306,0.03999879,0.01,0.021955669,0.011983461,0.19986868,-0.2489761091366805,-1.0103414094078615
2.31,-583887040.0,0.0956254227340422,-0.0879896730184555,-0.1441310495138168,0.0574243739247322,-0.2308610555401428,-3253543632896.0,0.01,0.01,0.01,0.01,0.01,0.01,0.01,1.0,1.0,1.0,1.0,1.0,1.0,1.0,0.01,0.09562542,0.01,0.01,0.057424374,0.01,0.01,0.49443513,0.1564232,0.036814373,0.01,0.04660717,0.011787306,0.19986868,-0.2578210931312988,-0.7656431580108677
2.3200000000000003,-583887040.0,0.0735231667940306,-0.087503969669342,-0.1405670344829559,-0.0593035891652107,-0.18556804754504,-3253543632896.0,0.01,0.01,0.01,0.01,0.01,0.01,0.01,1.0,1.0,1.0,1.0,1.0,1.0,1.0,0.01,0.073523164,0.01,0.01,0.01,0.01,0.01,0.49443513,0.14662425,0.03398665,0.01,0.04465373,0.011610458,0.19986868,-0.26347093104997,-0.3953219865667147
2.33,-583887040.0,0.0358771309782735,-0.0744355320930481,-0.1255930364131927,-0.0292607694864273,-0.146757441057107,-3253543632896.0,0.01,0.01,0.01,0.01,0.01,0.01,0.01,1.0,1.0,1.0,1.0,1.0,1.0,1.0,0.01,0.03587713,0.01,0.01,0.01,0.01,0.01,0.49443513,0.13421142,0.03147395,0.01,0.040928107,0.011451143,0.19986868,-0.2651859445348953,-0.0067902401052961
2.34,-583887040.0,-0.0088363883047842,-0.0512153804302215,-0.1045885160565376,-0.0182396881282329,-0.1045795957965949,-3253543632896.0,0.01,0.01,0.01,0.01,0.01,0.01,0.01,1.0,1.0,1.0,1.0,1.0,1.0,1.0,0.01,0.01,0.01,0.01,0.01,0.01,0.01,0.49443513,0.119291,0.029241692,0.01,0.03763774,0.011307837,0.19986868,-0.2635343271366092,0.2828359913714385
2.35,-583887040.0,-0.0653319327734379,-0.0252517219632864,-0.0842904150485992,-0.0200382824987173,-0.0524110662264026,-3253543632896.0,0.01,0.01,0.01,0.01,0.01,0.01,0.01,1.0,1.0,1.0,1.0,1.0,1.0,1.0,0.01,0.01,0.01,0.01,0.01,0.01,0.01,0.49443513,0.10551723,0.027253702,0.01,0.034722526,0.011178799,0.19986868,-0.2598171669359292,0.4224332460644898
2.36,-583887040.0,-0.1100572347640991,-0.0066856276243925,-0.0717803537845611,-0.0287743732333183,0.0069256009768361,-3253543632896.0,0.01,0.01,0.01,0.01,0.01,0.01,0.01,1.0,1.0,1.0,1.0,1.0,1.0,1.0,0.01,0.01,0.01,0.01,0.01,0.01,0.01,0.49443513,0.09379128,0.025478462,0.01,0.032131076,0.01106244,0.19986868,-0.255396502447488,0.4469249061175556
2.37,-583887040.0,-0.0976877436041832,0.0177413672208786,-0.0596869364380836,-0.0376647748053073,0.0448088551969584,-3253543632896.0,0.01,0.01,0.01,0.01,0.01,0.01,0.01,1.0,1.0,1.0,1.0,1.0,1.0,1.0,0.01,0.01,0.017741367,0.01,0.01,0.044808853,0.01,0.49443513,0.08373562,0.024564417,0.01,0.029823504,0.027661508,0.19986868,-0.2509504297069526,0.4475056575610578
2.38,-583887040.0,-0.0967943668365478,0.0320056043565273,-0.0508896335959434,-0.0449505038559436,-0.065904247733316,-3253543632896.0,0.01,0.01,0.01,0.01,0.01,0.01,0.01,1.0,1.0,1.0,1.0,1.0,1.0,1.0,0.01,0.01,0.032005604,0.01,0.01,0.01,0.01,0.49443513,0.075080395,0.029684173,0.01,0.027769687,0.028284656,0.19986868,-0.2461078624786082,0.5249479901834156
2.39,-583887040.0,-0.100457027554512,0.0072451252490282,-0.0437115989625453,-0.0540213733911514,-0.0276903209843802,-3253543632896.0,0.01,0.01,0.01,0.01,0.01,0.01,0.01,1.0,1.0,1.0,1.0,1.0,1.0,1.0,0.01,0.01,0.01,0.01,0.01,0.01,0.01,0.49443513,0.06756975,0.028364372,0.01,0.025935391,0.026394749,0.19986868,-0.2401983982565247,0.6430788868750064
2.4,-583887040.0,-0.1024163961410522,0.0396102257072925,-0.0332324840128421,-0.0669053792953491,-0.0345815293400402,-3253543632896.0,0.01,0.01,0.01,0.01,0.01,0.01,0.01,1.0,1.0,1.0,1.0,1.0,1.0,1.0,0.01,0.01,0.039610226,0.01,0.01,0.01,0.01,0.49443513,0.061031353,0.03571789,0.01,0.02429708,0.024707245,0.19986868,-0.2330716022142077,0.7588132643766865
2.41,-583887040.0,-0.1027013584971427,0.0183910708874464,-0.0348721593618392,-0.0821524187922477,-0.0654559174304465,-3253543632896.0,0.01,0.01,0.01,0.01,0.01,0.01,0.01,1.0,1.0,1.0,1.0,1.0,1.0,1.0,0.01,0.01,0.01839107,0.01,0.01,0.01,0.01,0.49443513,0.055321075,0.035019606,0.01,0.022833321,0.023199916,0.19986868,-0.2251019618647031,0.8150991959929336
