time,SUP,ECRL,ECRB,ECU,FCR,FCU,PQ,SUP_min,ECRL_min,ECRB_min,ECU_min,FCR_min,FCU_min,PQ_min,SUP_max,ECRL_max,ECRB_max,ECU_max,FCR_max,FCU_max,PQ_max,SUP_exc,ECRL_exc,ECRB_exc,ECU_exc,FCR_exc,FCU_exc,PQ_exc,SUP_act,ECRL_act,ECRB_act,ECU_act,FCR_act,FCU_act,PQ_act,wrist_hand_r3_pos,wrist_hand_r3_vel
0.01,-681095360.0,0.1581621692219237,0.0094912322238087,-0.0902055576443672,-0.0343622751533985,-0.3360519707202911,-3914855088128.0,0.01,0.01,0.01,0.01,0.01,0.01,0.01,1.0,1.0,1.0,1.0,1.0,1.0,1.0,0.01,0.15816218,0.01,0.01,0.01,0.01,0.01,0.3498116,0.18356702,0.05450817,0.0100088455,0.0133405905,0.015341825,0.15082902,-0.2162258374822064,-1.1676065891570797
0.02,-681095360.0,0.1271442495126133,-0.0210511889308691,-0.121402122080326,0.0306947603821754,-0.2669940590858459,-3914855088128.0,0.01,0.01,0.01,0.01,0.01,0.01,0.01,1.0,1.0,1.0,1.0,1.0,1.0,1.0,0.01,0.12714425,0.01,0.01,0.03069476,0.01,0.01,0.3498116,0.17749172,0.0496142,0.010007975,0.025307601,0.014808513,0.15082902,-0.2287119795409534,-1.2820835667620705
0.03,-681095360.0,0.0987778433244959,-0.0524101294577121,-0.1431869864463806,-0.0553066655993461,-0.2393255829811096,-3914855088128.0,0.01,0.01,0.01,0.01,0.01,0.01,0.01,1.0,1.0,1.0,1.0,1.0,1.0,1.0,0.01,0.098777846,0.01,0.01,0.01,0.01,0.01,0.3498116,0.16773161,0.04531024,0.01000719,0.02461483,0.014329326,0.15082902,-0.2410742708732862,-1.1651499242508756
0.04,-681095360.0,0.0859652517845911,-0.075918935239315,-0.1504532694816589,-0.0008920021355152,-0.2368755378346462,-3914855088128.0,0.01,0.01,0.01,0.01,0.01,0.01,0.01,1.0,1.0,1.0,1.0,1.0,1.0,1.0,0.01,0.08596525,0.01,0.01,0.01,0.01,0.01,0.3498116,0.15694144,0.041506853,0.010006481,0.02311899,0.013897844,0.15082902,-0.2512874622238126,-0.905110796445822
0.05,-681095360.0,0.0710091768112988,-0.0837867110967636,-0.1427757889032364,0.0519315972924232,-0.1779479668768691,-3914855088128.0,0.01,0.01,0.01,0.01,0.01,0.01,0.01,1.0,1.0,1.0,1.0,1.0,1.0,1.0,0.01,0.071009174,0.01,0.01,0.051931597,0.01,0.01,0.3498116,0.14660983,0.038149286,0.010005844,0.043038376,0.013510333,0.15082902,-0.2587827725941639,-0.6135435674045507
0.06,-681095360.0,0.0199927839756165,-0.0786077082157135,-0.1337965428829193,-0.049479603767395,-0.1242646420875845,-3914855088128.0,0.01,0.01,0.01,0.01,0.01,0.01,0.01,1.0,1.0,1.0,1.0,1.0,1.0,1.0,0.01,0.019992784,0.01,0.01,0.01,0.01,0.01,0.3498116,0.13283673,0.035169855,0.010005268,0.041498102,0.0131612895,0.15082902,-0.2628704695171511,-0.2447718919589079
0.07,-681095360.0,-0.046642486248925,-0.062168963253498,-0.1165679022669792,-0.0300451330840587,-0.0652088343907984,-3914855088128.0,0.01,0.01,0.01,0.01,0.01,0.01,0.01,1.0,1.0,1.0,1.0,1.0,1.0,1.0,0.01,0.01,0.01,0.01,0.01,0.01,0.01,0.3498116,0.117110565,0.03252423,0.010004749,0.03813572,0.01284714,0.15082902,-0.2632189999761086,0.1140339649475924
0.08,-681095360.0,-0.1298918076322899,-0.0381238460540771,-0.0957730561494827,-0.023639291524887,0.0068895678461098,-3914855088128.0,0.01,0.01,0.01,0.01,0.01,0.01,0.01,1.0,1.0,1.0,1.0,1.0,1.0,1.0,0.01,0.01,0.01,0.01,0.01,0.01,0.01,0.3498116,0.10365486,0.03017622,0.010004281,0.035162028,0.012564886,0.15082902,-0.2605592202848728,0.3679207739834053
0.09,-681095360.0,-0.1220598965883255,-0.0157333686947822,-0.0779920220375061,-0.0280321724712848,0.0761530836511194,-3914855088128.0,0.01,0.01,0.01,0.01,0.01,0.01,0.01,1.0,1.0,1.0,1.0,1.0,1.0,1.0,0.01,0.01,0.01,0.01,0.01,0.076153085,0.01,0.3498116,0.09222064,0.028087718,0.010003861,0.03252514,0.046628222,0.15082902,-0.2560950163541682,0.5015891491213701
0.1,-681095360.0,-0.106069192290306,0.006775451824069,-0.065081387758255,-0.0371061936020851,-0.0857144800535805,-3914855088128.0,0.01,0.01,0.01,0.01,0.01,0.01,0.01,1.0,1.0,1.0,1.0,1.0,1.0,1.0,0.01,0.01,0.01,0.01,0.01,0.01,0.01,0.3498116,0.08239475,0.026221983,0.010003481,0.030175807,0.045681346,0.15082902,-0.2503442257617587,0.6389294794388045
0.1100000000000001,-681095360.0,-0.0954481661319732,0.0426301471889019,-0.0478710085153579,-0.0477754548192024,-0.0504049388392727,-3914855088128.0,0.01,0.01,0.01,0.01,0.01,0.01,0.01,1.0,1.0,1.0,1.0,1.0,1.0,1.0,0.01,0.01,0.042630147,0.01,0.01,0.01,0.01,0.3498116,0.07391366,0.03719236,0.010003137,0.028082127,0.041835573,0.15082902,-0.2430519257632781,0.7951583718259793
0.1200000000000001,-681095360.0,-0.0901935473084449,0.003950698301196,-0.0358400978147983,-0.0660904571413993,-0.0694807098056642,-3914855088128.0,0.01,0.01,0.01,0.01,0.01,0.01,0.01,1.0,1.0,1.0,1.0,1.0,1.0,1.0,0.01,0.01,0.01,0.01,0.01,0.01,0.01,0.3498116,0.06655186,0.03608506,0.010002828,0.02621313,0.038431175,0.15082902,-0.2344585108792397,0.8930437593262829
0.1299999999999999,-681095360.0,-0.0889283493161201,0.0489711202681064,-0.0284986197948455,-0.0859216228127479,-0.1082447106625992,-3914855088128.0,0.01,0.01,0.01,0.01,0.01,0.01,0.01,1.0,1.0,1.0,1.0,1.0,1.0,1.0,0.01,0.01,0.04897112,0.01,0.01,0.01,0.01,0.3498116,0.060152553,0.04446288,0.01000255,0.02454699,0.03541932,0.15082902,-0.2253542356373946,0.9133096502708966
0.1399999999999999,-681095360.0,-0.0919059962034225,0.0393284931778907,-0.012312114238739,-0.1034456044435501,-0.1421057259996817,-3914855088128.0,0.01,0.01,0.01,0.01,0.01,0.01,0.01,1.0,1.0,1.0,1.0,1.0,1.0,1.0,0.01,0.01,0.039328493,0.01,0.01,0.01,0.01,0.3498116,0.054559376,0.044770814,0.010002298,0.023058381,0.03274634,0.15082902,-0.2164769335893759,0.8588672349128977
0.1499999999999999,-681095360.0,-0.0980958044528961,0.0794244557619094,-0.0082885846495628,-0.1157131046056747,-0.160717850960222,-3914855088128.0,0.01,0.01,0.01,0.01,0.01,0.01,0.01,1.0,1.0,1.0,1.0,1.0,1.0,1.0,0.01,0.01,0.079424456,0.01,0.01,0.01,0.01,0.3498116,0.049661107,0.068077564,0.010002072,0.021728871,0.030373394,0.15082902,-0.2083993046529099,0.7572370736406688
0.1599999999999999,-681095360.0,-0.0303309999684835,0.0362592153251171,-0.009964570403099,-0.1215360015630722,-0.1784449548186261,-3914855088128.0,0.01,0.01,0.01,0.01,0.01,0.01,0.01,1.0,1.0,1.0,1.0,1.0,1.0,1.0,0.01,0.01,0.036259215,0.01,0.01,0.01,0.01,0.3498116,0.045343716,0.06691522,0.010001868,0.020537015,0.028257238,0.15082902,-0.2017866473136914,0.5791885991058426
0.1699999999999999,-681095360.0,0.0318962871470122,0.064076691865921,-0.0164040550589561,-0.1200916767120361,-0.2310494592429521,-3914855088128.0,0.01,0.01,0.01,0.01,0.01,0.01,0.01,1.0,1.0,1.0,1.0,1.0,1.0,1.0,0.01,0.031896286,0.06407669,0.01,0.01,0.01,0.01,0.3498116,0.04232844,0.06608601,0.010001684,0.019469399,0.02637065,0.15082902,-0.1971309537934736,0.3849679803940458
0.1799999999999999,-681095360.0,0.0964521096316915,0.0781431123614311,-0.0254921615123748,-0.1123181283473968,-0.3027856224819272,-3914855088128.0,0.01,0.01,0.01,0.01,0.01,0.01,0.01,1.0,1.0,1.0,1.0,1.0,1.0,1.0,0.01,0.09645211,0.07814311,0.01,0.01,0.01,0.01,0.3498116,0.06687538,0.0735411,0.010001518,0.018513901,0.024689425,0.15082902,-0.1941501979869992,0.2340047270547728
0.1899999999999999,-681095360.0,0.1227239881584043,0.0631853342056274,-0.0335554033517837,-0.102485068142414,-0.3881944546043773,-3914855088128.0,0.01,0.01,0.01,0.01,0.01,0.01,0.01,1.0,1.0,1.0,1.0,1.0,1.0,1.0,0.01,0.12272399,0.063185334,0.01,0.01,0.01,0.01,0.3498116,0.09183195,0.073013455,0.010001369,0.017657574,0.023188425,0.15082902,-0.1927086289272381,0.0647621316280741
0.1999999999999999,-681095360.0,0.1837760803399444,0.0637606233358383,-0.0413217954337596,-0.0917060375213623,-0.3916724920272827,-3914855088128.0,0.01,0.01,0.01,0.01,0.01,0.01,0.01,1.0,1.0,1.0,1.0,1.0,1.0,1.0,0.01,0.18377608,0.06376062,0.01,0.01,0.01,0.01,0.3498116,0.13809018,0.071932234,0.010001234,0.01688796,0.021843914,0.15082902,-0.193218620534835,-0.1505536635824678
0.2099999999999999,-681095360.0,0.1780014885034313,0.0565599203109741,-0.0502005703747272,-0.0784780904650688,-0.3786185979843139,-3914855088128.0,0.01,0.01,0.01,0.01,0.01,0.01,0.01,1.0,1.0,1.0,1.0,1.0,1.0,1.0,0.01,0.1780015,0.05655992,0.01,0.01,0.01,0.01,0.3498116,0.16201937,0.07027449,0.010001113,0.016197167,0.020640783,0.15082902,-0.1962986989357389,-0.4389917012148614
0.2199999999999999,-681095360.0,0.1831187467023249,0.0427449718117713,-0.0620823353528976,-0.0655078440904617,-0.3663564920425415,-3914855088128.0,0.01,0.01,0.01,0.01,0.01,0.01,0.01,1.0,1.0,1.0,1.0,1.0,1.0,1.0,0.01,0.18311875,0.04274497,0.01,0.01,0.01,0.01,0.3498116,0.17917003,0.06739671,0.010001003,0.015575908,0.019561665,0.15082902,-0.2024282083062563,-0.7339000810164444
0.2299999999999999,-681095360.0,0.1590744034990756,0.0217333398759365,-0.085591122508049,-0.0372298806905746,-0.3373296558856964,-3914855088128.0,0.01,0.01,0.01,0.01,0.01,0.01,0.01,1.0,1.0,1.0,1.0,1.0,1.0,1.0,0.01,0.15907441,0.02173334,0.01,0.01,0.01,0.01,0.3498116,0.18002209,0.06257329,0.010000904,0.015018405,0.01859569,0.15082902,-0.2111358528596978,-0.9622432360626172
0.24,-681095360.0,0.1337471793615706,-0.0045892782509326,-0.1094935536384582,0.0102250576019287,-0.2869129776954651,-3914855088128.0,0.01,0.01,0.01,0.01,0.01,0.01,0.01,1.0,1.0,1.0,1.0,1.0,1.0,1.0,0.01,0.13374718,0.01,0.01,0.010225058,0.01,0.01,0.3498116,0.17553955,0.056876805,0.010000815,0.014536398,0.017729472,0.15082902,-0.2216577289305559,-1.10913778434495
0.25,-681095360.0,0.1077309718425834,-0.030050404369831,-0.1289302855730056,0.0387068055570125,-0.255108118057251,-3914855088128.0,0.01,0.01,0.01,0.01,0.01,0.01,0.01,1.0,1.0,1.0,1.0,1.0,1.0,1.0,0.01,0.10773097,0.01,0.01,0.038706806,0.01,0.01,0.3498116,0.16739897,0.051699784,0.010000735,0.031294003,0.016953696,0.15082902,-0.2330892915649923,-1.140422167596702
0.26,-681095360.0,0.09184186014141,-0.0538442432880401,-0.1403952836990356,-0.0661381334066391,-0.2449826896190643,-3914855088128.0,0.01,0.01,0.01,0.01,0.01,0.01,0.01,1.0,1.0,1.0,1.0,1.0,1.0,1.0,0.01,0.09184186,0.01,0.01,0.01,0.01,0.01,0.3498116,0.15758677,0.047149565,0.010000663,0.030202568,0.016257184,0.15082902,-0.2436015955652588,-0.9452958756309846
0.27,-681095360.0,0.0757711016391997,-0.0682341605424881,-0.1398475468158722,-0.0263147745281457,-0.1778431255968544,-3914855088128.0,0.01,0.01,0.01,0.01,0.01,0.01,0.01,1.0,1.0,1.0,1.0,1.0,1.0,1.0,0.01,0.0757711,0.01,0.01,0.01,0.01,0.01,0.3498116,0.14769037,0.04313267,0.010000598,0.02810653,0.015630703,0.15082902,-0.2512374424167541,-0.6142111034219078
0.28,-681095360.0,0.0257308990471472,-0.0669017657637596,-0.1289075314998626,0.0149868354201316,-0.1263794521869323,-3914855088128.0,0.01,0.01,0.01,0.01,0.01,0.01,0.01,1.0,1.0,1.0,1.0,1.0,1.0,1.0,0.01,0.025730899,0.01,0.01,0.014986835,0.01,0.01,0.3498116,0.13438496,0.039583046,0.010000538,0.0266679,0.015067688,0.15082902,-0.2555303707123216,-0.2993709610027978
0.29,-681095360.0,-0.0407141763784568,-0.0536513850092887,-0.1143476516008377,0.011990949511528,-0.0664755446791001,-3914855088128.0,0.01,0.01,0.01,0.01,0.01,0.01,0.01,1.0,1.0,1.0,1.0,1.0,1.0,1.0,0.01,0.01,0.01,0.01,0.0119909495,0.01,0.01,0.3498116,0.11845855,0.036442198,0.010000485,0.025197258,0.014561911,0.15082902,-0.2571697833900642,-0.0720394454962604
0.3,-681095360.0,-0.1251794391458427,-0.0362830124795436,-0.0991534814238548,-0.0021424554288387,0.009442842261589,-3914855088128.0,0.01,0.01,0.01,0.01,0.01,0.01,0.01,1.0,1.0,1.0,1.0,1.0,1.0,1.0,0.01,0.01,0.01,0.01,0.01,0.01,0.01,0.3498116,0.104778856,0.033656266,0.0100004375,0.02366614,0.014107215,0.15082902,-0.2570316276660729,0.0687968761255812
0.31,-681095360.0,-0.1306233555078506,-0.0197590421885252,-0.086735151708126,-0.0146522987633943,0.0838728691323479,-3914855088128.0,0.01,0.01,0.01,0.01,0.01,0.01,0.01,1.0,1.0,1.0,1.0,1.0,1.0,1.0,0.01,0.01,0.01,0.01,0.01,0.08387287,0.01,0.3498116,0.09318319,0.031186683,0.010000395,0.022274666,0.051846396,0.15082902,-0.2558435640143539,0.1634659152600674
0.32,-681095360.0,-0.1232443302869796,-0.009762592613697,-0.0777191817760467,-0.025092689320445,-0.0621377366376411,-3914855088128.0,0.01,0.01,0.01,0.01,0.01,0.01,0.01,1.0,1.0,1.0,1.0,1.0,1.0,1.0,0.01,0.01,0.01,0.01,0.01,0.01,0.01,0.3498116,0.08323573,0.028986622,0.010000356,0.021028336,0.0505317,0.15082902,-0.2533493574732041,0.3339175948846552
0.33,-681095360.0,-0.1169686764478683,0.0045102313160896,-0.0710753798484802,-0.0358909405767917,-0.0263654667825934,-3914855088128.0,0.01,0.01,0.01,0.01,0.01,0.01,0.01,1.0,1.0,1.0,1.0,1.0,1.0,1.0,0.01,0.01,0.01,0.01,0.01,0.01,0.01,0.3498116,0.074627236,0.027019775,0.010000321,0.019908817,0.046106555,0.15082902,-0.2487344639828861,0.556971553496115
0.3400000000000001,-681095360.0,-0.1092186272144317,0.0322240516543388,-0.0576145276427269,-0.0485306903719902,-0.0436469730504296,-3914855088128.0,0.01,0.01,0.01,0.01,0.01,0.01,0.01,1.0,1.0,1.0,1.0,1.0,1.0,1.0,0.01,0.01,0.03222405,0.01,0.01,0.01,0.01,0.3498116,0.06714924,0.030237362,0.010000289,0.018903453,0.042195186,0.15082902,-0.2418674968322749,0.7664925202494863
0.3500000000000001,-681095360.0,-0.1012257188558578,0.0268868468701839,-0.0447407662868499,-0.0693489387631416,-0.083473874656898,-3914855088128.0,0.01,0.01,0.01,0.01,0.01,0.01,0.01,1.0,1.0,1.0,1.0,1.0,1.0,1.0,0.01,0.01,0.026886847,0.01,0.01,0.01,0.01,0.3498116,0.060677215,0.030247707,0.010000261,0.018005857,0.038754985,0.15082902,-0.2332888066127483,0.9165230361728294
0.3600000000000001,-681095360.0,-0.0967056080698967,0.0677206069231033,-0.0284016132354736,-0.0944939106702804,-0.1222478010519536,-3914855088128.0,0.01,0.01,0.01,0.01,0.01,0.01,0.01,1.0,1.0,1.0,1.0,1.0,1.0,1.0,0.01,0.01,0.06772061,0.01,0.01,0.01,0.01,0.3498116,0.05502957,0.056027103,0.0100002345,0.017201535,0.03571172,0.15082902,-0.2236903168401355,0.9769996405428922
0.3700000000000001,-681095360.0,-0.092124866418155,0.0063862376846373,-0.0100763142108917,-0.1172201409935951,-0.1490448512516842,-3914855088128.0,0.01,0.01,0.01,0.01,0.01,0.01,0.01,1.0,1.0,1.0,1.0,1.0,1.0,1.0,0.01,0.01,0.01,0.01,0.01,0.01,0.01,0.3498116,0.05007006,0.053101476,0.010000212,0.016478792,0.03300766,0.15082902,-0.2142817700041906,0.8924863485037875
0.3799999999999999,-681095360.0,-0.0193536974787926,0.0502728000283241,-0.0045790039002895,-0.1310189962387085,-0.1779662369385301,-3914855088128.0,0.01,0.01,0.01,0.01,0.01,0.01,0.01,1.0,1.0,1.0,1.0,1.0,1.0,1.0,0.01,0.01,0.0502728,0.01,0.01,0.01,0.01,0.3498116,0.04570451,0.052245844,0.010000191,0.015829394,0.030602435,0.15082902,-0.2063046283339931,0.7218229813045193
0.3899999999999999,-681095360.0,0.0453901323920029,0.0858737230300903,-0.0100343413650989,-0.1325124353170395,-0.2387127828911057,-3914855088128.0,0.01,0.01,0.01,0.01,0.01,0.01,0.01,1.0,1.0,1.0,1.0,1.0,1.0,1.0,0.01,0.045390133,0.08587372,0.01,0.01,0.01,0.01,0.3498116,0.043545723,0.07508597,0.010000172,0.015245181,0.02845798,0.15082902,-0.2000978239710944,0.5471400229993023
0.3999999999999999,-681095360.0,0.1046355684088839,0.0446480102837085,-0.0183415226638317,-0.126026451587677,-0.3164534802133275,-3914855088128.0,0.01,0.01,0.01,0.01,0.01,0.01,0.01,1.0,1.0,1.0,1.0,1.0,1.0,1.0,0.01,0.10463557,0.04464801,0.01,0.01,0.01,0.01,0.3498116,0.07255534,0.073621154,0.010000155,0.014721891,0.02655316,0.15082902,-0.1957660633326414,0.3311991061904489
0.4099999999999999,-681095360.0,0.1307123577330414,0.0620146766304969,-0.0269329361617565,-0.1158014833927154,-0.4042616534475462,-3914855088128.0,0.01,0.01,0.01,0.01,0.01,0.01,0.01,1.0,1.0,1.0,1.0,1.0,1.0,1.0,0.01,0.13071236,0.062014677,0.01,0.01,0.01,0.01,0.3498116,0.09882726,0.072045706,0.0100001395,0.014251509,0.024853295,0.15082902,-0.1939593746218412,0.0519910462776106
0.4199999999999999,-681095360.0,0.1913360730595298,0.0654863938689231,-0.038555696606636,-0.1003313064575195,-0.3966213762760162,-3914855088128.0,0.01,0.01,0.01,0.01,0.01,0.01,0.01,1.0,1.0,1.0,1.0,1.0,1.0,1.0,0.01,0.19133608,0.065486394,0.01,0.01,0.01,0.01,0.3498116,0.14596699,0.07122636,0.010000126,0.013827982,0.023332551,0.15082902,-0.1951682662690185,-0.2580301542829642
0.4299999999999999,-681095360.0,0.1806266768261405,0.0539139658212661,-0.0514974296092987,-0.0803956091403961,-0.3784886598587036,-3914855088128.0,0.01,0.01,0.01,0.01,0.01,0.01,0.01,1.0,1.0,1.0,1.0,1.0,1.0,1.0,0.01,0.18062668,0.053913966,0.01,0.01,0.01,0.01,0.3498116,0.16781135,0.06945897,0.010000113,0.013446762,0.02197163,0.15082902,-0.1996720826038451,-0.5945009299550269
0.4399999999999999,-681095360.0,0.181978462530134,0.0360032506287097,-0.069277249276638,-0.0616461969912052,-0.3611637055873871,-3914855088128.0,0.01,0.01,0.01,0.01,0.01,0.01,0.01,1.0,1.0,1.0,1.0,1.0,1.0,1.0,0.01,0.18197846,0.03600325,0.01,0.01,0.01,0.01,0.3498116,0.18108761,0.065918475,0.010000102,0.013104174,0.020755077,0.15082902,-0.2073265446947974,-0.8844779926987122
0.4499999999999999,-681095360.0,0.1559165673719194,0.009327151812613,-0.0964396744966507,-0.0224580019712448,-0.3207296133041382,-3914855088128.0,0.01,0.01,0.01,0.01,0.01,0.01,0.01,1.0,1.0,1.0,1.0,1.0,1.0,1.0,0.01,0.15591657,0.01,0.01,0.01,0.01,0.01,0.3498116,0.17980665,0.060004342,0.010000092,0.012795916,0.019665562,0.15082902,-0.2173585686556998,-1.0811761250227454
0.4599999999999999,-681095360.0,0.1275666701287167,-0.0174074582755565,-0.121096134185791,0.0265257582068443,-0.263964295387268,-3914855088128.0,0.01,0.01,0.01,0.01,0.01,0.01,0.01,1.0,1.0,1.0,1.0,1.0,1.0,1.0,0.01,0.12756667,0.01,0.01,0.026525758,0.01,0.01,0.3498116,0.17437094,0.054433387,0.010000084,0.022276571,0.01868933,0.15082902,-0.2288208570650853,-1.1735864605421444
0.47,-681095360.0,0.1009456865343642,-0.0441383570432662,-0.1380617767572403,-0.0522335991263389,-0.2425729632377624,-3914855088128.0,0.01,0.01,0.01,0.01,0.01,0.01,0.01,1.0,1.0,1.0,1.0,1.0,1.0,1.0,0.01,0.10094569,0.01,0.01,0.01,0.01,0.01,0.3498116,0.16544172,0.04954741,0.010000075,0.021768412,0.017814063,0.15082902,-0.2401732682226512,-1.0779413409160743
0.48,-681095360.0,0.0885525261997323,-0.064524307847023,-0.1372847408056259,0.0015650391578674,-0.2273750881125444,-3914855088128.0,0.01,0.01,0.01,0.01,0.01,0.01,0.01,1.0,1.0,1.0,1.0,1.0,1.0,1.0,0.01,0.08855253,0.01,0.01,0.01,0.01,0.01,0.3498116,0.15539883,0.04524667,0.010000068,0.020573173,0.0170285,0.15082902,-0.2497925376884006,-0.8671491182777821
0.49,-681095360.0,0.0644944245345609,-0.0727313309907913,-0.1371678709983825,0.0440355986356735,-0.1629606654191607,-3914855088128.0,0.01,0.01,0.01,0.01,0.01,0.01,0.01,1.0,1.0,1.0,1.0,1.0,1.0,1.0,0.01,0.06449442,0.01,0.01,0.0440356,0.01,0.01,0.3498116,0.14483267,0.041454915,0.010000061,0.03678159,0.016323725,0.15082902,-0.2571996765576712,-0.6308020972506108
0.5,-681095360.0,0.0070212763789347,-0.0705146491527557,-0.1316073834896087,-0.0486647486686706,-0.1017222384035401,-3914855088128.0,0.01,0.01,0.01,0.01,0.01,0.01,0.01,1.0,1.0,1.0,1.0,1.0,1.0,1.0,0.01,0.01,0.01,0.01,0.01,0.01,0.01,0.3498116,0.13008715,0.038098637,0.010000055,0.035613064,0.015690265,0.15082902,-0.261780379069617,-0.3172259269250086
0.51,-681095360.0,-0.0649207727882589,-0.0587123706936836,-0.1179562658071518,-0.0306911878287792,-0.0359725023101673,-3914855088128.0,0.01,0.01,0.01,0.01,0.01,0.01,0.01,1.0,1.0,1.0,1.0,1.0,1.0,1.0,0.01,0.01,0.01,0.01,0.01,0.01,0.01,0.3498116,0.11456086,0.03512153,0.010000049,0.032915834,0.015120636,0.15082902,-0.263050714487306,0.0072285141957182
0.52,-681095360.0,-0.1406740397214889,-0.0391141064465045,-0.0999454781413078,-0.0219689160585403,0.0382150731251504,-3914855088128.0,0.01,0.01,0.01,0.01,0.01,0.01,0.01,1.0,1.0,1.0,1.0,1.0,1.0,1.0,0.01,0.01,0.01,0.01,0.01,0.038215075,0.01,0.3498116,0.101482846,0.032484658,0.0100000445,0.030523546,0.024323063,0.15082902,-0.2614906312075731,0.2580408069387468
0.53,-681095360.0,-0.1284994035959243,-0.018150707706809,-0.0824310034513473,-0.0250009447336196,0.0381687014235178,-3914855088128.0,0.01,0.01,0.01,0.01,0.01,0.01,0.01,1.0,1.0,1.0,1.0,1.0,1.0,1.0,0.01,0.01,0.01,0.01,0.01,0.038168702,0.01,0.3498116,0.09033481,0.030139295,0.010000041,0.028393168,0.030086098,0.15082902,-0.2579126932161787,0.4263512199105621
0.54,-681095360.0,-0.114309161901474,-0.0002215132117271,-0.0709760561585426,-0.0341956540942192,0.0205344669115827,-3914855088128.0,0.01,0.01,0.01,0.01,0.01,0.01,0.01,1.0,1.0,1.0,1.0,1.0,1.0,1.0,0.01,0.01,0.01,0.01,0.01,0.020534467,0.01,0.3498116,0.08075118,0.028047653,0.010000036,0.026491238,0.030822301,0.15082902,-0.2529403711975446,0.545569679720505
0.55,-681095360.0,-0.1037461012601852,0.0296238884329795,-0.0563289299607276,-0.0446562133729457,-0.00739467358351,-3914855088128.0,0.01,0.01,0.01,0.01,0.01,0.01,0.01,1.0,1.0,1.0,1.0,1.0,1.0,1.0,0.01,0.01,0.029623888,0.01,0.01,0.01,0.01,0.3498116,0.0724307,0.028948938,0.010000032,0.024785696,0.029028911,0.15082902,-0.2468480820078369,0.6466999416596293
0.56,-681095360.0,-0.0991341918706893,0.0356734953820705,-0.0395131409168243,-0.0591740943491458,-0.0494305601078283,-3914855088128.0,0.01,0.01,0.01,0.01,0.01,0.01,0.01,1.0,1.0,1.0,1.0,1.0,1.0,1.0,0.01,0.01,0.035673495,0.01,0.01,0.01,0.01,0.3498116,0.06521853,0.033485733,0.01000003,0.023262436,0.027047114,0.15082902,-0.2398372894052421,0.7321363030626941
0.5700000000000001,-681095360.0,-0.0993582680821418,0.0256919115781784,-0.0246411003172397,-0.0762328803539276,-0.0945776445777178,-3914855088128.0,0.01,0.01,0.01,0.01,0.01,0.01,0.01,1.0,1.0,1.0,1.0,1.0,1.0,1.0,0.01,0.01,0.025691912,0.01,0.01,0.01,0.01,0.3498116,0.058973067,0.0333209,0.010000027,0.021906871,0.025287809,0.15082902,-0.2322122851229864,0.7766228129214306
0.5800000000000001,-681095360.0,-0.102121815085411,0.0604960806667804,-0.0291672758758068,-0.091825321316719,-0.1299291149962831,-3914855088128.0,0.01,0.01,0.01,0.01,0.01,0.01,0.01,1.0,1.0,1.0,1.0,1.0,1.0,1.0,0.01,0.01,0.06049608,0.01,0.01,0.01,0.01,0.3498116,0.053532142,0.05172609,0.010000024,0.02069773,0.023721902,0.15082902,-0.2243829666630385,0.7787819565511815
0.5900000000000001,-681095360.0,-0.0702610314107639,0.0148618584498763,-0.0206901989877223,-0.1044057607650756,-0.1495172128955953,-3914855088128.0,0.01,0.01,0.01,0.01,0.01,0.01,0.01,1.0,1.0,1.0,1.0,1.0,1.0,1.0,0.01,0.01,0.014861858,0.01,0.01,0.01,0.01,0.3498116,0.048750967,0.04979305,0.010000021,0.019613719,0.022320624,0.15082902,-0.2169715966190987,0.7009662671078015
0.6000000000000001,-681095360.0,-0.0004106003302149,0.0484026074409484,-0.0179925486445426,-0.1118926852941513,-0.1931325897376586,-3914855088128.0,0.01,0.01,0.01,0.01,0.01,0.01,0.01,1.0,1.0,1.0,1.0,1.0,1.0,1.0,0.01,0.01,0.048402607,0.01,0.01,0.01,0.01,0.3498116,0.044528246,0.049072273,0.010000019,0.018639382,0.02106317,0.15082902,-0.2106534674171108,0.5850986441695715
0.6100000000000001,-681095360.0,0.0698382326398246,0.0716196000576019,-0.0216726921498775,-0.1128292828798294,-0.2628049427387996,-3914855088128.0,0.01,0.01,0.01,0.01,0.01,0.01,0.01,1.0,1.0,1.0,1.0,1.0,1.0,1.0,0.01,0.06983823,0.0716196,0.01,0.01,0.01,0.01,0.3498116,0.053387478,0.06372101,0.0100000175,0.017769525,0.019942293,0.15082902,-0.2053616030988753,0.4837052112883369
0.6200000000000001,-681095360.0,0.1095716079001496,0.0412897914648056,-0.0254406332969665,-0.1105530187487602,-0.3485117694709914,-3914855088128.0,0.01,0.01,0.01,0.01,0.01,0.01,0.01,1.0,1.0,1.0,1.0,1.0,1.0,1.0,0.01,0.109571606,0.04128979,0.01,0.01,0.01,0.01,0.3498116,0.079298444,0.06260151,0.010000016,0.0169893,0.018938256,0.15082902,-0.2013406548174615,0.3241200653432734
0.6299999999999999,-681095360.0,0.1678096233392178,0.0563514232635498,-0.0312057211995124,-0.1049770414829254,-0.4063347578048706,-3914855088128.0,0.01,0.01,0.01,0.01,0.01,0.01,0.01,1.0,1.0,1.0,1.0,1.0,1.0,1.0,0.01,0.16780962,0.056351423,0.01,0.01,0.01,0.01,0.3498116,0.122897245,0.061654236,0.010000015,0.016288819,0.018037915,0.15082902,-0.1993618095138957,0.0825299102324502
0.6399999999999999,-681095360.0,0.1852507743053723,0.0581277348101139,-0.040390245616436,-0.0941212177276611,-0.3954074084758758,-3914855088128.0,0.01,0.01,0.01,0.01,0.01,0.01,0.01,1.0,1.0,1.0,1.0,1.0,1.0,1.0,0.01,0.18525077,0.058127735,0.01,0.01,0.01,0.01,0.3498116,0.15616089,0.061232347,0.010000013,0.01565916,0.01722946,0.15082902,-0.200346598702777,-0.2518354921853911
0.6499999999999999,-681095360.0,0.1922501117617969,0.0457326099276542,-0.052706740796566,-0.0766595974564552,-0.3780921399593353,-3914855088128.0,0.01,0.01,0.01,0.01,0.01,0.01,0.01,1.0,1.0,1.0,1.0,1.0,1.0,1.0,0.01,0.19225012,0.04573261,0.01,0.01,0.01,0.01,0.3498116,0.1804099,0.059666082,0.010000012,0.015092853,0.01650304,0.15082902,-0.2050506232876948,-0.6329557744624823
0.6599999999999999,-681095360.0,0.1741934856877895,0.0271508023142814,-0.0714192986488342,-0.0575320124626159,-0.3594678044319153,-3914855088128.0,0.01,0.01,0.01,0.01,0.01,0.01,0.01,1.0,1.0,1.0,1.0,1.0,1.0,1.0,0.01,0.17419349,0.027150802,0.01,0.01,0.01,0.01,0.3498116,0.18647109,0.05633297,0.01000001,0.014584411,0.015851416,0.15082902,-0.2133103335006947,-0.9584499628113172
0.6699999999999999,-681095360.0,0.1488008001659035,-0.0006389580667018,-0.1011123284697532,-0.0127146579325199,-0.3145546615123749,-3914855088128.0,0.01,0.01,0.01,0.01,0.01,0.01,0.01,1.0,1.0,1.0,1.0,1.0,1.0,1.0,0.01,0.1488008,0.01,0.01,0.01,0.01,0.01,0.3498116,0.18326741,0.05148243,0.010000009,0.014127337,0.015266081,0.15082902,-0.2241652295284965,-1.1662993730015183
0.6799999999999999,-681095360.0,0.1184548127552658,-0.030777022242546,-0.127870112657547,0.0411074645817279,-0.2566336095333099,-3914855088128.0,0.01,0.01,0.01,0.01,0.01,0.01,0.01,1.0,1.0,1.0,1.0,1.0,1.0,1.0,0.01,0.118454814,0.01,0.01,0.041107465,0.01,0.01,0.3498116,0.17578427,0.04695843,0.010000008,0.032926973,0.014740938,0.15082902,-0.2363853079641346,-1.2344803056673663
0.69,-681095360.0,0.0949526839451215,-0.0598724856972694,-0.1355795413255691,-0.0697887986898422,-0.2395985424518585,-3914855088128.0,0.01,0.01,0.01,0.01,0.01,0.01,0.01,1.0,1.0,1.0,1.0,1.0,1.0,1.0,0.01,0.09495269,0.01,0.01,0.01,0.01,0.01,0.3498116,0.16545825,0.042970717,0.010000007,0.03174905,0.014268828,0.15082902,-0.2479227451444976,-1.0514746892434197
0.7,-681095360.0,0.0806118361199836,-0.0789391696453094,-0.1439767181873321,-0.0245959926396608,-0.1877295510261115,-3914855088128.0,0.01,0.01,0.01,0.01,0.01,0.01,0.01,1.0,1.0,1.0,1.0,1.0,1.0,1.0,0.01,0.08061183,0.01,0.01,0.01,0.01,0.01,0.3498116,0.15460962,0.039442483,0.010000007,0.029484663,0.013843785,0.15082902,-0.2565628478008913,-0.7048060032186361
0.71,-681095360.0,0.0369853392704886,-0.0799994096159935,-0.1386141628026962,0.0241321772336959,-0.1339107610026857,-3914855088128.0,0.01,0.01,0.01,0.01,0.01,0.01,0.01,1.0,1.0,1.0,1.0,1.0,1.0,1.0,0.01,0.036985338,0.01,0.01,0.024132177,0.01,0.01,0.3498116,0.14147435,0.036312904,0.010000006,0.028638754,0.013460881,0.15082902,-0.2615827330524642,-0.3642920734856343
0.72,-681095360.0,-0.0262666329953188,-0.0664449781179428,-0.1218631565570831,0.0152576230466365,-0.0756476090909318,-3914855088128.0,0.01,0.01,0.01,0.01,0.01,0.01,0.01,1.0,1.0,1.0,1.0,1.0,1.0,1.0,0.01,0.01,0.01,0.01,0.015257623,0.01,0.01,0.3498116,0.124898225,0.03354142,0.010000005,0.027373044,0.013116918,0.15082902,-0.2637060883619772,-0.1071475530609299
0.73,-681095360.0,-0.1056739364237755,-0.0478404611349105,-0.1051388159394264,0.0024486072361469,-0.0029562338447119,-3914855088128.0,0.01,0.01,0.01,0.01,0.01,0.01,0.01,1.0,1.0,1.0,1.0,1.0,1.0,1.0,0.01,0.01,0.01,0.01,0.01,0.01,0.01,0.3498116,0.11022264,0.031078728,0.010000005,0.02565303,0.0128074195,0.15082902,-0.2637480627691198,0.0629726053287843
0.74,-681095360.0,-0.1311718523502349,-0.0294882301241159,-0.0911263301968574,-0.0088647045195102,0.0748790986036194,-3914855088128.0,0.01,0.01,0.01,0.01,0.01,0.01,0.01,1.0,1.0,1.0,1.0,1.0,1.0,1.0,0.01,0.01,0.01,0.01,0.01,0.074879095,0.01,0.3498116,0.09780188,0.0288891,0.010000004,0.024049003,0.044321507,0.15082902,-0.2625171621304805,0.1677788516105867
0.75,-681095360.0,-0.1225577071309089,-0.0168894883245229,-0.0805617198348045,-0.0197971481829881,-0.0563900320462529,-3914855088128.0,0.01,0.01,0.01,0.01,0.01,0.01,0.01,1.0,1.0,1.0,1.0,1.0,1.0,1.0,0.01,0.01,0.01,0.01,0.01,0.01,0.01,0.3498116,0.087196134,0.026938157,0.010000004,0.022615572,0.043635413,0.15082902,-0.2600515881189278,0.3215742955546435
0.76,-681095360.0,-0.1155557930469513,-0.0033741611987352,-0.0737019106745719,-0.0307179670780897,-0.0150313384644321,-3914855088128.0,0.01,0.01,0.01,0.01,0.01,0.01,0.01,1.0,1.0,1.0,1.0,1.0,1.0,1.0,0.01,0.01,0.01,0.01,0.01,0.01,0.01,0.3498116,0.07804334,0.025192367,0.0100000035,0.02132955,0.040022682,0.15082902,-0.2556999540090639,0.5196968557806902
0.77,-681095360.0,-0.1083387807011604,0.0218315832316875,-0.0611391477286815,-0.0430634729564189,-0.0306452591186787,-3914855088128.0,0.01,0.01,0.01,0.01,0.01,0.01,0.01,1.0,1.0,1.0,1.0,1.0,1.0,1.0,0.01,0.01,0.021831583,0.01,0.01,0.01,0.01,0.3498116,0.07008376,0.02455235,0.0100000035,0.02017274,0.03680879,0.15082902,-0.2492942155820228,0.709862080780563
0.78,-681095360.0,-0.1011081039905548,0.0485739484429359,-0.040521889925003,-0.0607173591852188,-0.0711869945537678,-3914855088128.0,0.01,0.01,0.01,0.01,0.01,0.01,0.01,1.0,1.0,1.0,1.0,1.0,1.0,1.0,0.01,0.01,0.04857395,0.01,0.01,0.01,0.01,0.3498116,0.06323938,0.04103902,0.010000003,0.019144395,0.033983152,0.15082902,-0.2413216719429655,0.8554129308564248
0.79,-681095360.0,-0.0981598272919654,-0.0040593240410089,-0.0298001319169998,-0.0836917608976364,-0.1120048182781788,-3914855088128.0,0.01,0.01,0.01,0.01,0.01,0.01,0.01,1.0,1.0,1.0,1.0,1.0,1.0,1.0,0.01,0.01,0.01,0.01,0.01,0.01,0.01,0.3498116,0.057264805,0.039116915,0.010000003,0.018222136,0.03147192,0.15082902,-0.2324371285297881,0.8960306391855981
0.8,-681095360.0,-0.0907777309255017,0.0367034673690795,-0.0226704441010952,-0.1047094836831092,-0.1407694279474854,-3914855088128.0,0.01,0.01,0.01,0.01,0.01,0.01,0.01,1.0,1.0,1.0,1.0,1.0,1.0,1.0,0.01,0.01,0.036703467,0.01,0.01,0.01,0.01,0.3498116,0.052029625,0.038437806,0.010000003,0.017394455,0.029236391,0.15082902,-0.2236961478118647,0.8513309578454996
0.81,-681095360.0,-0.015770997221546,0.079152837395668,-0.0142927505075931,-0.1184799447655677,-0.1738915193184914,-3914855088128.0,0.01,0.01,0.01,0.01,0.01,0.01,0.01,1.0,1.0,1.0,1.0,1.0,1.0,1.0,0.01,0.01,0.07915284,0.01,0.01,0.01,0.01,0.3498116,0.04743689,0.06614844,0.010000003,0.016652532,0.027247172,0.15082902,-0.2155678749327297,0.7717798946385109
0.8200000000000001,-681095360.0,0.0554885075159096,0.0196179710328578,-0.0126589089632034,-0.1248789727687835,-0.2406970452792941,-3914855088128.0,0.01,0.01,0.01,0.01,0.01,0.01,0.01,1.0,1.0,1.0,1.0,1.0,1.0,1.0,0.01,0.05548851,0.019617971,0.01,0.01,0.01,0.01,0.3498116,0.04867201,0.06376753,0.010000002,0.015985483,0.025470141,0.15082902,-0.2087194047476098,0.6066011697278986
0.8300000000000001,-681095360.0,0.1043698127649391,0.049407459795475,-0.017630610615015,-0.1235211193561554,-0.3239089971149699,-3914855088128.0,0.01,0.01,0.01,0.01,0.01,0.01,0.01,1.0,1.0,1.0,1.0,1.0,1.0,1.0,0.01,0.10436981,0.04940746,0.01,0.01,0.01,0.01,0.3498116,0.07416609,0.061631914,0.010000002,0.015387082,0.023885353,0.15082902,-0.2038907820773193,0.376372487483292
0.8400000000000001,-681095360.0,0.1506404119420699,0.0693030357360839,-0.0269039086997509,-0.114702396094799,-0.4106167554855346,-3914855088128.0,0.01,0.01,0.01,0.01,0.01,0.01,0.01,1.0,1.0,1.0,1.0,1.0,1.0,1.0,0.01,0.15064041,0.069303036,0.01,0.01,0.01,0.01,0.3498116,0.11145847,0.06623467,0.010000002,0.01484884,0.02246723,0.15082902,-0.2016200951504076,0.1043757359920117
0.8500000000000001,-681095360.0,0.1898338639054639,0.0554644651710987,-0.0387916974723339,-0.0998515412211418,-0.3974926471710205,-3914855088128.0,0.01,0.01,0.01,0.01,0.01,0.01,0.01,1.0,1.0,1.0,1.0,1.0,1.0,1.0,0.01,0.18983386,0.055464465,0.01,0.01,0.01,0.01,0.3498116,0.15102448,0.06570417,0.010000002,0.014365002,0.021198394,0.15082902,-0.2024133801083821,-0.2298450172756923
0.8600000000000001,-681095360.0,0.1927535954236029,0.0462311580777168,-0.0521233454346656,-0.0800177603960037,-0.3791468441486358,-3914855088128.0,0.01,0.01,0.01,0.01,0.01,0.01,0.01,1.0,1.0,1.0,1.0,1.0,1.0,1.0,0.01,0.1927536,0.046231158,0.01,0.01,0.01,0.01,0.3498116,0.17698291,0.06363827,0.010000002,0.0139295785,0.02006127,0.15082902,-0.2068673672623077,-0.6049965795563571
0.8700000000000001,-681095360.0,0.1816289567059163,0.02926716953516,-0.0699255466461181,-0.0600672662258148,-0.3606438040733337,-3914855088128.0,0.01,0.01,0.01,0.01,0.01,0.01,0.01,1.0,1.0,1.0,1.0,1.0,1.0,1.0,0.01,0.18162896,0.02926717,0.01,0.01,0.01,0.01,0.3498116,0.18671048,0.06003007,0.010000002,0.013538502,0.019043848,0.15082902,-0.2148351493551036,-0.9301148370548252
0.8799999999999999,-681095360.0,0.1569467983700219,0.0024699391797184,-0.0992097407579422,-0.0190283991396427,-0.3195911943912506,-3914855088128.0,0.01,0.01,0.01,0.01,0.01,0.01,0.01,1.0,1.0,1.0,1.0,1.0,1.0,1.0,0.01,0.1569468,0.01,0.01,0.01,0.01,0.01,0.3498116,0.1846469,0.05474962,0.010000001,0.013186708,0.01813171,0.15082902,-0.2254261356252477,-1.1418445236561563
0.8899999999999999,-681095360.0,0.1259551953636906,-0.0269183982163667,-0.1259876936674118,0.0360394716262817,-0.2570601999759674,-3914855088128.0,0.01,0.01,0.01,0.01,0.01,0.01,0.01,1.0,1.0,1.0,1.0,1.0,1.0,1.0,0.01,0.1259552,0.01,0.01,0.03603947,0.01,0.01,0.3498116,0.17820506,0.049826093,0.010000001,0.029080477,0.017313914,0.15082902,-0.2374759550427059,-1.2258699183542323
0.8999999999999999,-681095360.0,0.0989522086636844,-0.0559086985886096,-0.1358860731124878,-0.06556136906147,-0.2359709441661834,-3914855088128.0,0.01,0.01,0.01,0.01,0.01,0.01,0.01,1.0,1.0,1.0,1.0,1.0,1.0,1.0,0.01,0.09895221,0.01,0.01,0.01,0.01,0.01,0.3498116,0.16830933,0.045498285,0.010000001,0.028275728,0.016580475,0.15082902,-0.2491152188770033,-1.07996444843358
0.91,-681095360.0,0.0871595075226259,-0.0763090699911117,-0.1458549499511718,-0.0215391423553228,-0.1971565506556535,-3914855088128.0,0.01,0.01,0.01,0.01,0.01,0.01,0.01,1.0,1.0,1.0,1.0,1.0,1.0,1.0,0.01,0.08715951,0.01,0.01,0.01,0.01,0.01,0.3498116,0.15757124,0.04167576,0.010000001,0.026389075,0.015921183,0.15082902,-0.2582891423139851,-0.7791292209486033
0.92,-681095360.0,0.0486389827799285,-0.0806011036038398,-0.1425047665834427,0.0317415967583656,-0.1393040404900915,-3914855088128.0,0.01,0.01,0.01,0.01,0.01,0.01,0.01,1.0,1.0,1.0,1.0,1.0,1.0,1.0,0.01,0.048638985,0.01,0.01,0.031741597,0.01,0.01,0.3498116,0.1455294,0.038283303,0.010000001,0.02983112,0.015326998,0.15082902,-0.2642335995493657,-0.4742679732183933
0.93,-681095360.0,-0.0135394397228295,-0.0707775801420211,-0.1276789307594299,-0.0084879901260137,-0.080499620459671,-3914855088128.0,0.01,0.01,0.01,0.01,0.01,0.01,0.01,1.0,1.0,1.0,1.0,1.0,1.0,1.0,0.01,0.01,0.01,0.01,0.01,0.01,0.01,0.3498116,0.12954035,0.035277124,0.010000001,0.02879835,0.014792949,0.15082902,-0.2672984071253652,-0.200619431451191
0.94,-681095360.0,-0.0892796860497173,-0.0542492978274822,-0.1115160062909126,-0.0020355992019176,-0.0098306564526143,-3914855088128.0,0.01,0.01,0.01,0.01,0.01,0.01,0.01,1.0,1.0,1.0,1.0,1.0,1.0,1.0,0.01,0.01,0.01,0.01,0.01,0.01,0.01,0.3498116,0.11412911,0.03262084,0.010000001,0.026854474,0.01431482,0.15082902,-0.2680102353108308,0.0172010031848598
0.95,-681095360.0,-0.1350603252649307,-0.0362335108220577,-0.0969260931015014,-0.0055586174130439,0.0705590626747315,-3914855088128.0,0.01,0.01,0.01,0.01,0.01,0.01,0.01,1.0,1.0,1.0,1.0,1.0,1.0,1.0,0.01,0.01,0.01,0.01,0.01,0.07055906,0.01,0.3498116,0.10111908,0.03026144,0.010000001,0.025121678,0.041100807,0.15082902,-0.2669884704164855,0.1615927758052016
0.96,-681095360.0,-0.1256939768791198,-0.0209531113505363,-0.0845419764518737,-0.0157524570822715,-0.0292022607898806,-3914855088128.0,0.01,0.01,0.01,0.01,0.01,0.01,0.01,1.0,1.0,1.0,1.0,1.0,1.0,1.0,0.01,0.01,0.01,0.01,0.01,0.01,0.01,0.3498116,0.090033,0.028160967,0.010000001,0.023574164,0.040774804,0.15082902,-0.264533890248095,0.3193721197321797
0.97,-681095360.0,-0.1168695241212844,-0.0076513867825269,-0.076271615922451,-0.0271274745464324,0.005182933573463,-3914855088128.0,0.01,0.01,0.01,0.01,0.01,0.01,0.01,1.0,1.0,1.0,1.0,1.0,1.0,1.0,0.01,0.01,0.01,0.01,0.01,0.01,0.01,0.3498116,0.08044629,0.026277253,0.010000001,0.02218262,0.037813965,0.15082902,-0.260258795170839,0.4968729449900265
0.98,-681095360.0,-0.1080098897218704,0.0174564719200134,-0.0636902377009391,-0.039683524519205,-0.013779768322128,-3914855088128.0,0.01,0.01,0.01,0.01,0.01,0.01,0.01,1.0,1.0,1.0,1.0,1.0,1.0,1.0,0.01,0.01,0.017456472,0.01,0.01,0.01,0.01,0.3498116,0.0721618,0.025179364,0.010000001,0.020935947,0.034852695,0.15082902,-0.254260904370461,0.6587473956360719
0.99,-681095360.0,-0.1019349321722984,0.046841487288475,-0.0450010560452938,-0.0549087263643741,-0.0562053279790203,-3914855088128.0,0.01,0.01,0.01,0.01,0.01,0.01,0.01,1.0,1.0,1.0,1.0,1.0,1.0,1.0,0.01,0.01,0.046841487,0.01,0.01,0.01,0.01,0.3498116,0.0650436,0.039878756,0.010000001,0.019827738,0.032244425,0.15082902,-0.2469030987266827,0.7859431667909578
1.0,-681095360.0,-0.1002502515912056,-0.004938508849591,-0.0275382213294506,-0.0757899284362793,-0.0994191955081016,-3914855088128.0,0.01,0.01,0.01,0.01,0.01,0.01,0.01,1.0,1.0,1.0,1.0,1.0,1.0,1.0,0.01,0.01,0.01,0.01,0.01,0.01,0.01,0.3498116,0.058840156,0.03810602,0.010000001,0.018834671,0.029924909,0.15082902,-0.2387559770988018,0.8244810571963106
1.0099999999999998,-681095360.0,-0.1015631854534149,0.0332164354622364,-0.0166975148022174,-0.0948525518178939,-0.130471373918153,-3914855088128.0,0.01,0.01,0.01,0.01,0.01,0.01,0.01,1.0,1.0,1.0,1.0,1.0,1.0,1.0,0.01,0.01,0.033216435,0.01,0.01,0.01,0.01,0.3498116,0.053398952,0.03711929,0.010000001,0.017942302,0.02785449,0.15082902,-0.2306314300025648,0.7980015040067585
1.02,-681095360.0,-0.0250704136588434,0.0733890011906623,-0.0233737006783485,-0.1083825826644897,-0.16054140453973,-3914855088128.0,0.01,0.01,0.01,0.01,0.01,0.01,0.01,1.0,1.0,1.0,1.0,1.0,1.0,1.0,0.01,0.01,0.073389,0.01,0.01,0.01,0.01,0.3498116,0.048641346,0.06180503,0.010000001,0.017144272,0.026014544,0.15082902,-0.2229145989197121,0.7415765992612726
1.0299999999999998,-681095360.0,0.0473630530930392,0.0164968743920326,-0.0194179490208625,-0.1158723160624504,-0.2262917880100273,-3914855088128.0,0.01,0.01,0.01,0.01,0.01,0.01,0.01,1.0,1.0,1.0,1.0,1.0,1.0,1.0,0.01,0.047363054,0.016496874,0.01,0.01,0.01,0.01,0.3498116,0.04633571,0.059444483,0.01,0.016426912,0.024369448,0.15082902,-0.2161981107774931,0.6078208839022585
1.04,-681095360.0,0.1120679378516327,0.0450158417224884,-0.0214807353913784,-0.1167100295424461,-0.3100055462944903,-3914855088128.0,0.01,0.01,0.01,0.01,0.01,0.01,0.01,1.0,1.0,1.0,1.0,1.0,1.0,1.0,0.01,0.11206794,0.04501584,0.01,0.01,0.01,0.01,0.3498116,0.07792785,0.05740073,0.01,0.015783776,0.022901844,0.15082902,-0.2111204784978515,0.4196474303837482
1.0499999999999998,-681095360.0,0.135354844178876,0.0662593767046928,-0.028385866433382,-0.1109359934926033,-0.4000369404707633,-3914855088128.0,0.01,0.01,0.01,0.01,0.01,0.01,0.01,1.0,1.0,1.0,1.0,1.0,1.0,1.0,0.01,0.13535485,0.06625938,0.01,0.01,0.01,0.01,0.3498116,0.103597544,0.06315264,0.01,0.015206421,0.02159012,0.15082902,-0.2082338162924041,0.1695488281933742
1.06,-681095360.0,0.1984605520239861,0.0507250167429447,-0.038473792374134,-0.0992366895079612,-0.3967751264572143,-3914855088128.0,0.01,0.01,0.01,0.01,0.01,0.01,0.01,1.0,1.0,1.0,1.0,1.0,1.0,1.0,0.01,0.19846055,0.050725017,0.01,0.01,0.01,0.01,0.3498116,0.15209658,0.062360756,0.01,0.014686592,0.020413615,0.15082902,-0.2082746616698665,-0.1500270968187413
1.0699999999999998,-681095360.0,0.1878860715136449,0.0446449927985668,-0.0512399673461914,-0.0813775286078453,-0.380306601524353,-3914855088128.0,0.01,0.01,0.01,0.01,0.01,0.01,0.01,1.0,1.0,1.0,1.0,1.0,1.0,1.0,0.01,0.18788607,0.044644993,0.01,0.01,0.01,0.01,0.3498116,0.17434815,0.060456548,0.01,0.014219302,0.019359728,0.15082902,-0.2119186551385156,-0.5364144387565961
1.08,-681095360.0,0.1876475391202423,0.0288815628737211,-0.0659913942217826,-0.0619948655366897,-0.3625201880931854,-3914855088128.0,0.01,0.01,0.01,0.01,0.01,0.01,0.01,1.0,1.0,1.0,1.0,1.0,1.0,1.0,0.01,0.18764754,0.028881563,0.01,0.01,0.01,0.01,0.3498116,0.18717349,0.05716881,0.01,0.013799072,0.018414963,0.15082902,-0.2193586509242214,-0.890083002218184
1.09,-681095360.0,0.1599762723114005,0.0046293260529637,-0.0953459739685058,-0.0269933938980102,-0.3278809785842895,-3914855088128.0,0.01,0.01,0.01,0.01,0.01,0.01,0.01,1.0,1.0,1.0,1.0,1.0,1.0,1.0,0.01,0.15997627,0.01,0.01,0.01,0.01,0.01,0.3498116,0.18556814,0.052234013,0.01,0.0134211145,0.017567635,0.15082902,-0.2296845845842751,-1.123187770490691
1.1,-681095360.0,0.1288488999376269,-0.0256063528358936,-0.112210176885128,0.032729759812355,-0.2628722786903381,-3914855088128.0,0.01,0.01,0.01,0.01,0.01,0.01,0.01,1.0,1.0,1.0,1.0,1.0,1.0,1.0,0.01,0.1288489,0.01,0.01,0.03272976,0.01,0.01,0.3498116,0.17944312,0.047614362,0.01,0.026662681,0.016807668,0.15082902,-0.2416174113925556,-1.2196086889293802
1.11,-681095360.0,0.1005885697803486,-0.0558929778635501,-0.1462499499320984,-0.0550700388848781,-0.2360334396362304,-3914855088128.0,0.01,0.01,0.01,0.01,0.01,0.01,0.01,1.0,1.0,1.0,1.0,1.0,1.0,1.0,0.01,0.10058857,0.01,0.01,0.01,0.01,0.01,0.3498116,0.1696451,0.043546863,0.01,0.025928188,0.016125698,0.15082902,-0.2533237060913659,-1.09961418332756
1.12,-681095360.0,0.0871341154658148,-0.0781441405415535,-0.1503050327301025,-0.0104482732713222,-0.1949749977000419,-3914855088128.0,0.01,0.01,0.01,0.01,0.01,0.01,0.01,1.0,1.0,1.0,1.0,1.0,1.0,1.0,0.01,0.087134115,0.01,0.01,0.01,0.01,0.01,0.3498116,0.15877004,0.03995068,0.01,0.024293318,0.015512602,0.15082902,-0.2628728743974372,-0.8330139952100404
1.13,-681095360.0,0.0468263019600746,-0.0850379914045333,-0.1470766067504882,0.0442265532910823,-0.1335535732057716,-3914855088128.0,0.01,0.01,0.01,0.01,0.01,0.01,0.01,1.0,1.0,1.0,1.0,1.0,1.0,1.0,0.01,0.046826303,0.01,0.01,0.044226553,0.01,0.01,0.3498116,0.14600962,0.036767792,0.01,0.037784535,0.014961755,0.15082902,-0.2696080379745726,-0.5449295447884901
1.14,-681095360.0,-0.0174474601853853,-0.0786952525377273,-0.1344193518161773,-0.032222706824541,-0.0709479551685605,-3914855088128.0,0.01,0.01,0.01,0.01,0.01,0.01,0.01,1.0,1.0,1.0,1.0,1.0,1.0,1.0,0.01,0.01,0.01,0.01,0.01,0.01,0.01,0.3498116,0.12952249,0.033941496,0.01,0.036605027,0.014466088,0.15082902,-0.2731742548462828,-0.2132711774488857
1.15,-681095360.0,-0.092866469881732,-0.0625820830464363,-0.1171210706233978,-0.0203165598213672,-0.0025252444107964,-3914855088128.0,0.01,0.01,0.01,0.01,0.01,0.01,0.01,1.0,1.0,1.0,1.0,1.0,1.0,1.0,0.01,0.01,0.01,0.01,0.01,0.01,0.01,0.3498116,0.114100374,0.031432316,0.01,0.033798322,0.014020702,0.15082902,-0.273458511766408,0.1008228277715767
1.16,-681095360.0,-0.1367090195417404,-0.0406253486871719,-0.0981655940413475,-0.015378026291728,0.0723913636265172,-3914855088128.0,0.01,0.01,0.01,0.01,0.01,0.01,0.01,1.0,1.0,1.0,1.0,1.0,1.0,1.0,0.01,0.01,0.01,0.01,0.01,0.07239136,0.01,0.3498116,0.10109855,0.029203944,0.01,0.031309403,0.04243259,0.15082902,-0.2711257073787588,0.326235054085927
1.17,-681095360.0,-0.1230470612645149,-0.0209728442132473,-0.0820539072155952,-0.0213479753583669,-0.0405005501051861,-3914855088128.0,0.01,0.01,0.01,0.01,0.01,0.01,0.01,1.0,1.0,1.0,1.0,1.0,1.0,1.0,0.01,0.01,0.01,0.01,0.01,0.01,0.01,0.3498116,0.08996862,0.027212035,0.01,0.029087396,0.042151,0.15082902,-0.2667343678076601,0.5190698661328776
1.1800000000000002,-681095360.0,-0.107417032122612,0.0019061677157878,-0.0688617601990699,-0.0323673970997333,-0.0072780656865917,-3914855088128.0,0.01,0.01,0.01,0.01,0.01,0.01,0.01,1.0,1.0,1.0,1.0,1.0,1.0,1.0,0.01,0.01,0.01,0.01,0.01,0.01,0.01,0.3498116,0.08041373,0.025434347,0.01,0.027106643,0.038704984,0.15082902,-0.2605318914343567,0.685526655116628
1.19,-681095360.0,-0.0961346626281738,0.0426596738398075,-0.048649214208126,-0.0452354438602924,-0.0268959036137969,-3914855088128.0,0.01,0.01,0.01,0.01,0.01,0.01,0.01,1.0,1.0,1.0,1.0,1.0,1.0,1.0,0.01,0.01,0.042659674,0.01,0.01,0.01,0.01,0.3498116,0.07220171,0.037017994,0.01,0.02534538,0.035663325,0.15082902,-0.2528942675848027,0.8150544979470015
1.2000000000000002,-681095360.0,-0.0920767784118652,-0.0014792652800679,-0.0280870459973812,-0.0655373260378837,-0.0706180694995889,-3914855088128.0,0.01,0.01,0.01,0.01,0.01,0.01,0.01,1.0,1.0,1.0,1.0,1.0,1.0,1.0,0.01,0.01,0.01,0.01,0.01,0.01,0.01,0.3498116,0.06507691,0.035455324,0.01,0.023772478,0.032964148,0.15082902,-0.2444230464588508,0.8586423714609019
1.21,-681095360.0,-0.0933479145169258,0.044829074293375,-0.0235462673008441,-0.0848825573921203,-0.1127505569177296,-3914855088128.0,0.01,0.01,0.01,0.01,0.01,0.01,0.01,1.0,1.0,1.0,1.0,1.0,1.0,1.0,0.01,0.01,0.044829074,0.01,0.01,0.01,0.01,0.3498116,0.058868065,0.041593395,0.01,0.022366436,0.030564908,0.15082902,-0.2358645875856029,0.8479919837983642
1.2200000000000002,-681095360.0,-0.0909022413807154,0.0394037552177906,-0.0141424052417278,-0.1000342220067977,-0.1405966600634711,-3914855088128.0,0.01,0.01,0.01,0.01,0.01,0.01,0.01,1.0,1.0,1.0,1.0,1.0,1.0,1.0,0.01,0.01,0.039403755,0.01,0.01,0.01,0.01,0.3498116,0.053431135,0.042006757,0.01,0.021107392,0.02842723,0.15082902,-0.2276971704366321,0.7874199819954716
1.23,-681095360.0,-0.0162358699274042,0.0715473741292953,-0.0197689868509769,-0.1096830070018768,-0.172003342344099,-3914855088128.0,0.01,0.01,0.01,0.01,0.01,0.01,0.01,1.0,1.0,1.0,1.0,1.0,1.0,1.0,0.01,0.01,0.071547374,0.01,0.01,0.01,0.01,0.3498116,0.048665587,0.061956245,0.01,0.01998137,0.026524084,0.15082902,-0.2202622033638437,0.7031467913810407
1.2400000000000002,-681095360.0,0.0559684150734563,0.0278157740831375,-0.0188440419733524,-0.1139532700181007,-0.2371752489593708,-3914855088128.0,0.01,0.01,0.01,0.01,0.01,0.01,0.01,1.0,1.0,1.0,1.0,1.0,1.0,1.0,0.01,0.055968415,0.027815774,0.01,0.01,0.01,0.01,0.3498116,0.049253296,0.060678117,0.01,0.018970529,0.024822354,0.15082902,-0.2140081737976721,0.5612168734948235
1.25,-681095360.0,0.108270252399295,0.054529920220375,-0.0230990685522556,-0.1127142161130905,-0.319532360239614,-3914855088128.0,0.01,0.01,0.01,0.01,0.01,0.01,0.01,1.0,1.0,1.0,1.0,1.0,1.0,1.0,0.01,0.10827025,0.05452992,0.01,0.01,0.01,0.01,0.3498116,0.07654586,0.059439506,0.01,0.018066157,0.02330544,0.15082902,-0.209394317969485,0.3779377817349595
1.2599999999999998,-681095360.0,0.1504180200251903,0.0691961497068405,-0.0302826538681983,-0.1063423305749893,-0.4056327939033508,-3914855088128.0,0.01,0.01,0.01,0.01,0.01,0.01,0.01,1.0,1.0,1.0,1.0,1.0,1.0,1.0,0.01,0.15041801,0.06919615,0.01,0.01,0.01,0.01,0.3498116,0.11238016,0.06546522,0.01,0.017254965,0.021949194,0.15082902,-0.2068442456372427,0.1477204772326735
1.27,-681095360.0,0.1924552774293216,0.0515453293919563,-0.0398448444902896,-0.0952088981866836,-0.3948757946491241,-3914855088128.0,0.01,0.01,0.01,0.01,0.01,0.01,0.01,1.0,1.0,1.0,1.0,1.0,1.0,1.0,0.01,0.19245528,0.05154533,0.01,0.01,0.01,0.01,0.3498116,0.1532653,0.06462193,0.01,0.01652669,0.02073507,0.15082902,-0.207071410412317,-0.1682833069020412
1.2799999999999998,-681095360.0,0.1934234643686513,0.0453530065715312,-0.051935389637947,-0.078488640487194,-0.3788083791732788,-3914855088128.0,0.01,0.01,0.01,0.01,0.01,0.01,0.01,1.0,1.0,1.0,1.0,1.0,1.0,1.0,0.01,0.19342346,0.045353007,0.01,0.01,0.01,0.01,0.3498116,0.17826152,0.06253617,0.01,0.015872762,0.019647706,0.15082902,-0.210879818372496,-0.5498431988967096
1.29,-681095360.0,0.1841586023930773,0.0297052636742591,-0.0671499967575073,-0.0602377243340015,-0.3615933954715729,-3914855088128.0,0.01,0.01,0.01,0.01,0.01,0.01,0.01,1.0,1.0,1.0,1.0,1.0,1.0,1.0,0.01,0.18415861,0.029705264,0.01,0.01,0.01,0.01,0.3498116,0.18851136,0.059089355,0.01,0.015285315,0.018673148,0.15082902,-0.2184035772427819,-0.8939403850955268
1.3000000000000005,-681095360.0,0.1584436983525901,0.0049329521134495,-0.0962292701005935,-0.0237039998173713,-0.3254733979701996,-3914855088128.0,0.01,0.01,0.01,0.01,0.01,0.01,0.01,1.0,1.0,1.0,1.0,1.0,1.0,1.0,0.01,0.1584437,0.01,0.01,0.01,0.01,0.01,0.3498116,0.18635094,0.053900164,0.01,0.014757525,0.01779938,0.15082902,-0.2286895094215427,-1.1141341009489971
1.31,-681095360.0,0.1275290185193549,-0.0245974548161029,-0.1236398369073867,0.035093929618597,-0.2621419429779053,-3914855088128.0,0.01,0.01,0.01,0.01,0.01,0.01,0.01,1.0,1.0,1.0,1.0,1.0,1.0,1.0,0.01,0.12752903,0.01,0.01,0.03509393,0.01,0.01,0.3498116,0.17983225,0.049080994,0.01,0.028777227,0.017015869,0.15082902,-0.2404548066427173,-1.1958458657899007
1.3199999999999998,-681095360.0,0.1008177777729043,-0.0537978075444698,-0.1360669732093811,-0.0533475801348686,-0.238000750541687,-3914855088128.0,0.01,0.01,0.01,0.01,0.01,0.01,0.01,1.0,1.0,1.0,1.0,1.0,1.0,1.0,0.01,0.10081778,0.01,0.01,0.01,0.01,0.01,0.3498116,0.16990179,0.04484193,0.01,0.027826138,0.016312907,0.15082902,-0.2518153939656398,-1.0554380141309798
1.33,-681095360.0,0.0837814759885531,-0.0744391903281211,-0.1467585861682891,-0.0102385208010673,-0.184083505329843,-3914855088128.0,0.01,0.01,0.01,0.01,0.01,0.01,0.01,1.0,1.0,1.0,1.0,1.0,1.0,1.0,0.01,0.08378147,0.01,0.01,0.01,0.01,0.01,0.3498116,0.15894762,0.041093323,0.01,0.025986778,0.015680475,0.15082902,-0.2608157454224948,-0.7734673127805857
1.34,-681095360.0,0.0378565765664621,-0.0794481486082077,-0.1427401900291443,0.0407182909548282,-0.1231534878022389,-3914855088128.0,0.01,0.01,0.01,0.01,0.01,0.01,0.01,1.0,1.0,1.0,1.0,1.0,1.0,1.0,0.01,0.037856575,0.01,0.01,0.04071829,0.01,0.01,0.3498116,0.14540559,0.037777167,0.01,0.035767846,0.015112199,0.15082902,-0.2669102817822759,-0.4854777952927978
1.35,-681095360.0,-0.028852565784757,-0.071711242198944,-0.1294269561767578,-0.0261186398565769,-0.0588891639540587,-3914855088128.0,0.01,0.01,0.01,0.01,0.01,0.01,0.01,1.0,1.0,1.0,1.0,1.0,1.0,1.0,0.01,0.01,0.01,0.01,0.01,0.01,0.01,0.3498116,0.12827945,0.03482178,0.01,0.035011083,0.014598931,0.15082902,-0.2698751989344428,-0.179885210290399
1.36,-681095360.0,-0.1069346105646628,-0.0547376908361911,-0.1117333397269249,-0.0168880317360162,0.010675502945303,-3914855088128.0,0.01,0.01,0.01,0.01,0.01,0.01,0.01,1.0,1.0,1.0,1.0,1.0,1.0,1.0,0.01,0.01,0.01,0.01,0.01,0.010675503,0.01,0.3498116,0.11305878,0.032215226,0.01,0.032383423,0.014165149,0.15082902,-0.2700514231804011,0.0956057006070899
1.37,-681095360.0,-0.1327646523714065,-0.0348109565675258,-0.0951762720942497,-0.0136864278465509,0.0826160725396427,-3914855088128.0,0.01,0.01,0.01,0.01,0.01,0.01,0.01,1.0,1.0,1.0,1.0,1.0,1.0,1.0,0.01,0.01,0.01,0.01,0.01,0.082616076,0.01,0.3498116,0.10023293,0.029903492,0.01,0.030053217,0.050130315,0.15082902,-0.2679521806905195,0.2979776495813669
1.38,-681095360.0,-0.1207197681069374,-0.0179813839495182,-0.0810262337327003,-0.0206563584506511,-0.0580857504721613,-3914855088128.0,0.01,0.01,0.01,0.01,0.01,0.01,0.01,1.0,1.0,1.0,1.0,1.0,1.0,1.0,0.01,0.01,0.01,0.01,0.01,0.01,0.01,0.3498116,0.08926354,0.027840395,0.01,0.02797382,0.048765264,0.15082902,-0.2638253705777492,0.5048773782004635
1.39,-681095360.0,-0.1074909418821334,0.0037234053015708,-0.0690055266022682,-0.0323022753000259,-0.0222756597162878,-3914855088128.0,0.01,0.01,0.01,0.01,0.01,0.01,0.01,1.0,1.0,1.0,1.0,1.0,1.0,1.0,0.01,0.01,0.01,0.01,0.01,0.01,0.01,0.3498116,0.07976169,0.02598799,0.01,0.026106928,0.044526406,0.15082902,-0.2575098543117165,0.703388666239303
1.4,-681095360.0,-0.0948981940746307,0.047375351190567,-0.0474159941077232,-0.0459677465260028,-0.0409701187434707,-3914855088128.0,0.01,0.01,0.01,0.01,0.01,0.01,0.01,1.0,1.0,1.0,1.0,1.0,1.0,1.0,0.01,0.01,0.04737535,0.01,0.01,0.01,0.01,0.3498116,0.071639046,0.04047143,0.01,0.024453068,0.040816758,0.15082902,-0.249552681659819,0.8563285537861977
1.41,-681095360.0,-0.0902335494756698,-0.0029076025821268,-0.0248998217284679,-0.0682126432657241,-0.0826470974943885,-3914855088128.0,0.01,0.01,0.01,0.01,0.01,0.01,0.01,1.0,1.0,1.0,1.0,1.0,1.0,1.0,0.01,0.01,0.01,0.01,0.01,0.01,0.01,0.3498116,0.06458903,0.038602617,0.01,0.02297524,0.037535146,0.15082902,-0.2406306033192759,0.9048664609168988
1.42,-681095360.0,-0.0908983945846557,0.0431111492216587,-0.0152175389230251,-0.0895989835262298,-0.121615684373702,-3914855088128.0,0.01,0.01,0.01,0.01,0.01,0.01,0.01,1.0,1.0,1.0,1.0,1.0,1.0,1.0,0.01,0.01,0.04311115,0.01,0.01,0.01,0.01,0.3498116,0.05843931,0.041518625,0.01,0.021652803,0.03462464,0.15082902,-0.2316821048995003,0.8786958959994835
1.4300000000000002,-681095360.0,-0.0677480674358681,0.0604517199099063,-0.0205033197999,-0.1058209389448165,-0.1458488404393681,-3914855088128.0,0.01,0.01,0.01,0.01,0.01,0.01,0.01,1.0,1.0,1.0,1.0,1.0,1.0,1.0,0.01,0.01,0.06045172,0.01,0.01,0.01,0.01,0.3498116,0.053055134,0.053945817,0.01,0.020468537,0.03203887,0.15082902,-0.2232787671530614,0.8040755917273733
1.44,-681095360.0,0.0051699124195128,0.0374737977981567,-0.0146907456219196,-0.115269050002098,-0.1876468440019248,-3914855088128.0,0.01,0.01,0.01,0.01,0.01,0.01,0.01,1.0,1.0,1.0,1.0,1.0,1.0,1.0,0.01,0.01,0.037473798,0.01,0.01,0.01,0.01,0.3498116,0.048328973,0.053616356,0.01,0.019407865,0.029739428,0.15082902,-0.2159570400686136,0.6719054805618523
1.4500000000000002,-681095360.0,0.0776113532287895,0.0693830773234367,-0.0175534300506114,-0.1175512969493866,-0.2576153616595071,-3914855088128.0,0.01,0.01,0.01,0.01,0.01,0.01,0.01,1.0,1.0,1.0,1.0,1.0,1.0,1.0,0.01,0.07761135,0.06938308,0.01,0.01,0.01,0.01,0.3498116,0.05885253,0.06349726,0.01,0.018458826,0.027695224,0.15082902,-0.2100389526713895,0.526730950891149
1.46,-681095360.0,0.1119312320857545,0.0530084148049354,-0.0231409035623073,-0.1142729818820953,-0.3417962734231171,-3914855088128.0,0.01,0.01,0.01,0.01,0.01,0.01,0.01,1.0,1.0,1.0,1.0,1.0,1.0,1.0,0.01,0.111931235,0.053008415,0.01,0.01,0.01,0.01,0.3498116,0.08276272,0.06334813,0.01,0.017607825,0.025872566,0.15082902,-0.2058106607724951,0.3291669070347944
1.4700000000000002,-681095360.0,0.1745146012961454,0.0649978816509246,-0.0310589484870433,-0.1064163148403167,-0.4036760926246643,-3914855088128.0,0.01,0.01,0.01,0.01,0.01,0.01,0.01,1.0,1.0,1.0,1.0,1.0,1.0,1.0,0.01,0.1745146,0.06499788,0.01,0.01,0.01,0.01,0.3498116,0.12800921,0.06429157,0.01,0.016843796,0.024244413,0.15082902,-0.2038945455391727,0.071988239021469
1.48,-681095360.0,0.1902506817582406,0.0588572025299072,-0.0416607782244682,-0.0933871641755104,-0.3915672600269317,-3914855088128.0,0.01,0.01,0.01,0.01,0.01,0.01,0.01,1.0,1.0,1.0,1.0,1.0,1.0,1.0,0.01,0.19025068,0.058857203,0.01,0.01,0.01,0.01,0.3498116,0.1607735,0.06386125,0.01,0.01615751,0.022788523,0.15082902,-0.2050113763104071,-0.2651256816485279
1.4900000000000002,-681095360.0,0.1979699297297803,0.0455832742154598,-0.0544824078679084,-0.0746810957789421,-0.3740560710430145,-3914855088128.0,0.01,0.01,0.01,0.01,0.01,0.01,0.01,1.0,1.0,1.0,1.0,1.0,1.0,1.0,0.01,0.19796993,0.045583274,0.01,0.01,0.01,0.01,0.3498116,0.18535666,0.061997123,0.01,0.015540299,0.02148443,0.15082902,-0.2098183270539781,-0.6368245955590701
1.5,-681095360.0,0.1788105892704642,0.026651307940483,-0.0735890120267868,-0.0550937205553054,-0.3557326793670654,-3914855088128.0,0.01,0.01,0.01,0.01,0.01,0.01,0.01,1.0,1.0,1.0,1.0,1.0,1.0,1.0,0.01,0.1788106,0.026651308,0.01,0.01,0.01,0.01,0.3498116,0.19107065,0.05831741,0.01,0.014986618,0.020318903,0.15082902,-0.2179996283387449,-0.9415264706623722
1.5099999999999998,-681095360.0,0.1535668891970008,-0.0005898820236325,-0.1024094969034195,-0.0110657252371311,-0.3112123608589172,-3914855088128.0,0.01,0.01,0.01,0.01,0.01,0.01,0.01,1.0,1.0,1.0,1.0,1.0,1.0,1.0,0.01,0.15356688,0.01,0.01,0.01,0.01,0.01,0.3498116,0.18781683,0.053201962,0.01,0.014488993,0.019274794,0.15082902,-0.228545909858243,-1.1256677226680134
1.52,-681095360.0,0.1232233505592435,-0.0296179577708244,-0.1272934228181839,0.039965447038412,-0.2534383535385132,-3914855088128.0,0.01,0.01,0.01,0.01,0.01,0.01,0.01,1.0,1.0,1.0,1.0,1.0,1.0,1.0,0.01,0.12322335,0.01,0.01,0.039965447,0.01,0.01,0.3498116,0.1802766,0.048472177,0.01,0.032196876,0.018340351,0.15082902,-0.2402614448713419,-1.1779090938857213
1.5299999999999998,-681095360.0,0.0999761176870533,-0.0570475347340106,-0.1370044350624084,-0.0651957914233207,-0.2368898093700409,-3914855088128.0,0.01,0.01,0.01,0.01,0.01,0.01,0.01,1.0,1.0,1.0,1.0,1.0,1.0,1.0,0.01,0.099976115,0.01,0.01,0.01,0.01,0.01,0.3498116,0.16995083,0.04430552,0.01,0.031069243,0.017501874,0.15082902,-0.2512458424928039,-1.0009319036398312
1.54,-681095360.0,0.0778738574404538,-0.0748352482914924,-0.1448361575603485,-0.0230782199651002,-0.163573957093026,-3914855088128.0,0.01,0.01,0.01,0.01,0.01,0.01,0.01,1.0,1.0,1.0,1.0,1.0,1.0,1.0,0.01,0.077873856,0.01,0.01,0.01,0.01,0.01,0.3498116,0.15868899,0.04062189,0.01,0.02887891,0.01674845,0.15082902,-0.2594874231513542,-0.6762580261675945
1.5500000000000005,-681095360.0,0.0236808903587267,-0.0760617479681968,-0.1379435509443283,0.0226408578455448,-0.1052820298282476,-3914855088128.0,0.01,0.01,0.01,0.01,0.01,0.01,0.01,1.0,1.0,1.0,1.0,1.0,1.0,1.0,0.01,0.02368089,0.01,0.01,0.022640858,0.01,0.01,0.3498116,0.14363134,0.03735952,0.01,0.027997391,0.016071409,0.15082902,-0.2643900164869225,-0.3610960791749231
1.56,-681095360.0,-0.0452463191429794,-0.0640793293714523,-0.1219949424266815,0.0154365934431552,-0.0416848519837121,-3914855088128.0,0.01,0.01,0.01,0.01,0.01,0.01,0.01,1.0,1.0,1.0,1.0,1.0,1.0,1.0,0.01,0.01,0.01,0.01,0.015436593,0.01,0.01,0.3498116,0.1261797,0.03447024,0.01,0.026799554,0.015463823,0.15082902,-0.2665850389279959,-0.1211346744998125
1.5699999999999998,-681095360.0,-0.1285795297266102,-0.0471441745758056,-0.1061643660068512,0.003057088702917,0.0327219432912924,-3914855088128.0,0.01,0.01,0.01,0.01,0.01,0.01,0.01,1.0,1.0,1.0,1.0,1.0,1.0,1.0,0.01,0.01,0.01,0.01,0.01,0.032721944,0.01,0.3498116,0.11130248,0.03190437,0.01,0.025145853,0.02199183,0.15082902,-0.2668160939781491,0.0416798575052656
1.58,-681095360.0,-0.1290044486522674,-0.0301768295466899,-0.0929082930088043,-0.0074539352208375,0.0571071954292193,-3914855088128.0,0.01,0.01,0.01,0.01,0.01,0.01,0.01,1.0,1.0,1.0,1.0,1.0,1.0,1.0,0.01,0.01,0.01,0.01,0.01,0.057107195,0.01,0.3498116,0.09872443,0.029624805,0.01,0.023596125,0.037953332,0.15082902,-0.265725706317285,0.1625087484020035
1.59,-681095360.0,-0.1213076561689376,-0.0181488916277885,-0.0824901983141899,-0.018244756385684,0.0031760296854499,-3914855088128.0,0.01,0.01,0.01,0.01,0.01,0.01,0.01,1.0,1.0,1.0,1.0,1.0,1.0,1.0,0.01,0.01,0.01,0.01,0.01,0.01,0.01,0.3498116,0.087969415,0.027591674,0.01,0.02220886,0.038252674,0.15082902,-0.2633042753650254,0.3107128756875487
1.6,-681095360.0,-0.1148240566253662,-0.0046727983281016,-0.075275145471096,-0.029375709593296,0.0013197453800727,-3914855088128.0,0.01,0.01,0.01,0.01,0.01,0.01,0.01,1.0,1.0,1.0,1.0,1.0,1.0,1.0,0.01,0.01,0.01,0.01,0.01,0.01,0.01,0.3498116,0.07867446,0.025770158,0.01,0.020962019,0.03579515,0.15082902,-0.259163044281439,0.4818393916446695
1.61,-681095360.0,-0.108533501625061,0.0196792148053646,-0.0633178800344467,-0.0413679927587509,-0.0308902271643743,-3914855088128.0,0.01,0.01,0.01,0.01,0.01,0.01,0.01,1.0,1.0,1.0,1.0,1.0,1.0,1.0,0.01,0.01,0.019679215,0.01,0.01,0.01,0.01,0.3498116,0.07062983,0.024900518,0.01,0.019843806,0.03306255,0.15082902,-0.2533252809363099,0.6426698834955906
1.62,-681095360.0,-0.1038922816514968,0.0441634804010391,-0.0455776825547218,-0.0567953772842884,-0.0731574189322555,-3914855088128.0,0.01,0.01,0.01,0.01,0.01,0.01,0.01,1.0,1.0,1.0,1.0,1.0,1.0,1.0,0.01,0.01,0.04416348,0.01,0.01,0.01,0.01,0.3498116,0.06370914,0.037902925,0.01,0.018848903,0.030652398,0.15082902,-0.2461189231692662,0.7717453612980291
1.63,-681095360.0,-0.1024505570530891,-0.0031303358264267,-0.0285213775932788,-0.0774265229701995,-0.110400945597478,-3914855088128.0,0.01,0.01,0.01,0.01,0.01,0.01,0.01,1.0,1.0,1.0,1.0,1.0,1.0,1.0,0.01,0.01,0.01,0.01,0.01,0.01,0.01,0.3498116,0.057673085,0.03635882,0.01,0.01795685,0.028507022,0.15082902,-0.2380659266153588,0.819132844409983
1.64,-681095360.0,-0.0498705114077511,0.0357767194509506,-0.0174596831202507,-0.0964108258485794,-0.1387205310862713,-3914855088128.0,0.01,0.01,0.01,0.01,0.01,0.01,0.01,1.0,1.0,1.0,1.0,1.0,1.0,1.0,0.01,0.01,0.03577672,0.01,0.01,0.01,0.01,0.3498116,0.052380595,0.035915203,0.01,0.017155524,0.026592163,0.15082902,-0.2299295691270971,0.8045786600640312
1.65,-681095360.0,0.0258993217935155,0.0711270868778228,-0.0231005810201168,-0.1101255863904953,-0.1973693823386258,-3914855088128.0,0.01,0.01,0.01,0.01,0.01,0.01,0.01,1.0,1.0,1.0,1.0,1.0,1.0,1.0,0.01,0.025899323,0.07112709,0.01,0.01,0.01,0.01,0.3498116,0.04835008,0.059905697,0.01,0.016438026,0.02488776,0.15082902,-0.222085443431993,0.7587921913085993
1.66,-681095360.0,0.0997911718813153,0.0157012082636356,-0.0182627625763416,-0.1181120947003364,-0.2804381266671462,-3914855088128.0,0.01,0.01,0.01,0.01,0.01,0.01,0.01,1.0,1.0,1.0,1.0,1.0,1.0,1.0,0.01,0.09979117,0.015701208,0.01,0.01,0.01,0.01,0.3498116,0.07086453,0.057614077,0.01,0.015793607,0.023364844,0.15082902,-0.2151757819339031,0.6180057436123952
1.67,-681095360.0,0.1277774438601498,0.0448137484490871,-0.0199899636209011,-0.1193265318870544,-0.3733036025337863,-3914855088128.0,0.01,0.01,0.01,0.01,0.01,0.01,0.01,1.0,1.0,1.0,1.0,1.0,1.0,1.0,0.01,0.12777744,0.04481375,0.01,0.01,0.01,0.01,0.3498116,0.09656232,0.055814445,0.01,0.015214931,0.022003647,0.15082902,-0.2103502639760446,0.3571145121046769
1.6800000000000002,-681095360.0,0.1945139827730469,0.0636986494064331,-0.0293352752923965,-0.1112069487571716,-0.4075159430503845,-3914855088128.0,0.01,0.01,0.01,0.01,0.01,0.01,0.01,1.0,1.0,1.0,1.0,1.0,1.0,1.0,0.01,0.19451398,0.06369865,0.01,0.01,0.01,0.01,0.3498116,0.14487766,0.060817774,0.01,0.014694761,0.02078513,0.15082902,-0.2085994097741052,0.0146766748233643
1.69,-681095360.0,0.1979063672980725,0.0449770912528038,-0.0430945456027984,-0.0943148881196975,-0.3926121592521667,-3914855088128.0,0.01,0.01,0.01,0.01,0.01,0.01,0.01,1.0,1.0,1.0,1.0,1.0,1.0,1.0,0.01,0.19790636,0.04497709,0.01,0.01,0.01,0.01,0.3498116,0.1746586,0.059633646,0.01,0.0142266685,0.01969266,0.15082902,-0.2108142581618862,-0.4148064312469682
1.7000000000000002,-681095360.0,0.198757498396237,0.0327145382761955,-0.0589615553617477,-0.0698768496513366,-0.3700951635837555,-3914855088128.0,0.01,0.01,0.01,0.01,0.01,0.01,0.01,1.0,1.0,1.0,1.0,1.0,1.0,1.0,0.01,0.1987575,0.03271454,0.01,0.01,0.01,0.01,0.3498116,0.19228296,0.056859873,0.01,0.013805512,0.018713001,0.15082902,-0.2174476992221954,-0.8409654173506358
1.71,-681095360.0,0.1741960509600034,0.0110745411366224,-0.0853944271802902,-0.0432184264063835,-0.3448838591575622,-3914855088128.0,0.01,0.01,0.01,0.01,0.01,0.01,0.01,1.0,1.0,1.0,1.0,1.0,1.0,1.0,0.01,0.17419605,0.011074541,0.01,0.01,0.01,0.01,0.3498116,0.19358519,0.052096926,0.01,0.0134269595,0.01783511,0.15082902,-0.2276856368881011,-1.1421538531574698
1.7200000000000002,-681095360.0,0.1420100802584859,-0.020804364234209,-0.1186275482177734,0.0220416784286499,-0.2781322598457336,-3914855088128.0,0.01,0.01,0.01,0.01,0.01,0.01,0.01,1.0,1.0,1.0,1.0,1.0,1.0,1.0,0.01,0.14201008,0.01,0.01,0.022041678,0.01,0.01,0.3498116,0.18829024,0.047506765,0.01,0.01942772,0.017047465,0.15082902,-0.2400605568835462,-1.2846853539596852
1.73,-681095360.0,0.1094595138771639,-0.0544254817068576,-0.1377598941326141,-0.026892052963376,-0.2315888553857803,-3914855088128.0,0.01,0.01,0.01,0.01,0.01,0.01,0.01,1.0,1.0,1.0,1.0,1.0,1.0,1.0,0.01,0.10945951,0.01,0.01,0.01,0.01,0.01,0.3498116,0.17860004,0.04344934,0.01,0.018943803,0.01634064,0.15082902,-0.2527747084756295,-1.2380102318300277
1.7400000000000002,-681095360.0,0.0902519035530533,-0.0819061845541,-0.1551093459129333,0.0571647845208644,-0.2023418925750702,-3914855088128.0,0.01,0.01,0.01,0.01,0.01,0.01,0.01,1.0,1.0,1.0,1.0,1.0,1.0,1.0,0.01,0.0902519,0.01,0.01,0.057164785,0.01,0.01,0.3498116,0.16688234,0.039870437,0.01,0.0456692,0.015706606,0.15082902,-0.2642564374622353,-1.044350585572994
1.75,-681095360.0,0.0544868491270953,-0.0967722162604332,-0.1589467972517013,-0.0627205893397331,-0.1312752873953496,-3914855088128.0,0.01,0.01,0.01,0.01,0.01,0.01,0.01,1.0,1.0,1.0,1.0,1.0,1.0,1.0,0.01,0.05448685,0.01,0.01,0.01,0.01,0.01,0.3498116,0.1534676,0.03670023,0.01,0.04363042,0.015136648,0.15082902,-0.2726228011375292,-0.6440253831571002
1.7599999999999998,-681095360.0,-0.0064875799742279,-0.0933001935482025,-0.1455672532320022,-0.0226108487695455,-0.0742233355242538,-3914855088128.0,0.01,0.01,0.01,0.01,0.01,0.01,0.01,1.0,1.0,1.0,1.0,1.0,1.0,1.0,0.01,0.01,0.01,0.01,0.01,0.01,0.01,0.3498116,0.13643688,0.033883158,0.01,0.0400219,0.01462354,0.15082902,-0.2763458677159219,-0.1687604075410699
1.77,-681095360.0,-0.0756878207996921,-0.0717153549194336,-0.1212549209594726,-0.004100227728486,-0.0164833962067709,-3914855088128.0,0.01,0.01,0.01,0.01,0.01,0.01,0.01,1.0,1.0,1.0,1.0,1.0,1.0,1.0,0.01,0.01,0.01,0.01,0.01,0.01,0.01,0.3498116,0.119957626,0.031385735,0.01,0.0368351,0.014163146,0.15082902,-0.2757382223824087,0.224871115258379
1.7799999999999998,-681095360.0,-0.1332823187112808,-0.0426856838166713,-0.0966214463114738,-0.0053773503750562,0.0522796396643703,-3914855088128.0,0.01,0.01,0.01,0.01,0.01,0.01,0.01,1.0,1.0,1.0,1.0,1.0,1.0,1.0,0.01,0.01,0.01,0.01,0.01,0.05227964,0.01,0.3498116,0.106091,0.029165452,0.01,0.034011457,0.030562498,0.15082902,-0.2721306286973441,0.447862627260179
1.79,-681095360.0,-0.1151789873838424,-0.0186990853399038,-0.0791039988398552,-0.0181051418185234,-0.0056150704526779,-3914855088128.0,0.01,0.01,0.01,0.01,0.01,0.01,0.01,1.0,1.0,1.0,1.0,1.0,1.0,1.0,0.01,0.01,0.01,0.01,0.01,0.01,0.01,0.3498116,0.09427956,0.02718386,0.01,0.031498738,0.03102709,0.15082902,-0.2669845408636639,0.5588204147941016
1.8000000000000005,-681095360.0,-0.0985053703188896,0.0087965857237577,-0.0633402615785598,-0.0313097983598709,0.012881297791906,-3914855088128.0,0.01,0.01,0.01,0.01,0.01,0.01,0.01,1.0,1.0,1.0,1.0,1.0,1.0,1.0,0.01,0.01,0.01,0.01,0.01,0.012881298,0.01,0.3498116,0.084134,0.025411401,0.01,0.02925702,0.029485991,0.15082902,-0.2609826129091627,0.6277184736673765
1.81,-681095360.0,-0.0913669392466545,0.0462030097842216,-0.046296015381813,-0.0427748933434486,-0.0128641300477944,-3914855088128.0,0.01,0.01,0.01,0.01,0.01,0.01,0.01,1.0,1.0,1.0,1.0,1.0,1.0,1.0,0.01,0.01,0.04620301,0.01,0.01,0.01,0.01,0.3498116,0.07542017,0.03948464,0.01,0.027263923,0.027506087,0.15082902,-0.2543456622697825,0.6871335349023355
1.82,-681095360.0,-0.092772401869297,-0.0087231146171689,-0.033900924026966,-0.0589342415332794,-0.0565849663110711,-3914855088128.0,0.01,0.01,0.01,0.01,0.01,0.01,0.01,1.0,1.0,1.0,1.0,1.0,1.0,1.0,0.01,0.01,0.01,0.01,0.01,0.01,0.01,0.3498116,0.06786528,0.038131896,0.01,0.02548424,0.025700336,0.15082902,-0.2473927638518349,0.6922828744224175
1.83,-681095360.0,-0.0977801531553268,0.0213747452944517,-0.0276516377925872,-0.073141299188137,-0.0989030994991872,-3914855088128.0,0.01,0.01,0.01,0.01,0.01,0.01,0.01,1.0,1.0,1.0,1.0,1.0,1.0,1.0,0.01,0.01,0.021374745,0.01,0.01,0.01,0.01,0.3498116,0.061289802,0.036153387,0.01,0.0238943,0.024087321,0.15082902,-0.2406357334806147,0.6637294563300025
1.84,-681095360.0,-0.1048910766839981,0.0594185031950473,-0.028781734406948,-0.083634003996849,-0.1270854040868643,-3914855088128.0,0.01,0.01,0.01,0.01,0.01,0.01,0.01,1.0,1.0,1.0,1.0,1.0,1.0,1.0,0.01,0.01,0.059418503,0.01,0.01,0.01,0.01,0.3498116,0.05554963,0.052036505,0.01,0.022473734,0.02264631,0.15082902,-0.2340949471424513,0.6439449482608903
1.85,-681095360.0,-0.0317651992901654,0.0143417585641145,-0.0372228175401687,-0.0912449359893798,-0.1540064655629334,-3914855088128.0,0.01,0.01,0.01,0.01,0.01,0.01,0.01,1.0,1.0,1.0,1.0,1.0,1.0,1.0,0.01,0.01,0.014341759,0.01,0.01,0.01,0.01,0.3498116,0.050517984,0.050044354,0.01,0.021202827,0.021357251,0.15082902,-0.2280118919059322,0.5751564551253092
1.86,-681095360.0,0.0409314720077393,0.0425712540745735,-0.0320514440536499,-0.0956519842147827,-0.2162941297770745,-3914855088128.0,0.01,0.01,0.01,0.01,0.01,0.01,0.01,1.0,1.0,1.0,1.0,1.0,1.0,1.0,0.01,0.04093147,0.042571254,0.01,0.01,0.01,0.01,0.3498116,0.046958137,0.048565537,0.01,0.020060824,0.020199042,0.15082902,-0.2227870602132489,0.4912537459594846
1.87,-681095360.0,0.1125601533053916,0.062229249626398,-0.0331621915102005,-0.0961540788412094,-0.2978071810696501,-3914855088128.0,0.01,0.01,0.01,0.01,0.01,0.01,0.01,1.0,1.0,1.0,1.0,1.0,1.0,1.0,0.01,0.11256015,0.06222925,0.01,0.01,0.01,0.01,0.3498116,0.07833615,0.057565443,0.01,0.019045329,0.019169228,0.15082902,-0.2182452175868857,0.4169133457115548
1.88,-681095360.0,0.1348040575002023,0.0401041433215141,-0.0350697413086891,-0.0951715111732482,-0.3896052845471833,-3914855088128.0,0.01,0.01,0.01,0.01,0.01,0.01,0.01,1.0,1.0,1.0,1.0,1.0,1.0,1.0,0.01,0.13480406,0.040104143,0.01,0.01,0.01,0.01,0.3498116,0.103465125,0.05636799,0.01,0.018134598,0.018245729,0.15082902,-0.2149076111837594,0.2475058151310022
1.89,-681095360.0,0.1990798162805541,0.050821453332901,-0.0400701165199279,-0.0906383767724037,-0.3936302065849304,-3914855088128.0,0.01,0.01,0.01,0.01,0.01,0.01,0.01,1.0,1.0,1.0,1.0,1.0,1.0,1.0,0.01,0.19907981,0.050821453,0.01,0.01,0.01,0.01,0.3498116,0.15266183,0.055607527,0.01,0.017316233,0.017415944,0.15082902,-0.2138843946025245,-0.0264465249685989
1.9,-681095360.0,0.1901665383659496,0.0457408726215362,-0.0497765019536018,-0.0793338045477867,-0.3818563222885132,-3914855088128.0,0.01,0.01,0.01,0.01,0.01,0.01,0.01,1.0,1.0,1.0,1.0,1.0,1.0,1.0,0.01,0.19016653,0.045740873,0.01,0.01,0.01,0.01,0.3498116,0.17576173,0.054583024,0.01,0.01658176,0.016671268,0.15082902,-0.2162183267222635,-0.4063441074117079
1.91,-681095360.0,0.1918421189907029,0.0297923013567924,-0.0625990852713584,-0.0628939867019653,-0.3650119304656982,-3914855088128.0,0.01,0.01,0.01,0.01,0.01,0.01,0.01,1.0,1.0,1.0,1.0,1.0,1.0,1.0,0.01,0.19184212,0.029792301,0.01,0.01,0.01,0.01,0.3498116,0.19011919,0.05210753,0.01,0.015922032,0.016002413,0.15082902,-0.2225327142538019,-0.7943064711126832
1.92,-681095360.0,0.1647073184386515,0.0096378466114401,-0.0875899642705917,-0.0363799184560775,-0.3394207954406738,-3914855088128.0,0.01,0.01,0.01,0.01,0.01,0.01,0.01,1.0,1.0,1.0,1.0,1.0,1.0,1.0,0.01,0.16470732,0.01,0.01,0.01,0.01,0.01,0.3498116,0.18875995,0.0477609,0.01,0.0153296795,0.015401893,0.15082902,-0.2321492567200974,-1.0701646121973674
1.93,-681095360.0,0.1340990400634858,-0.0205702986568212,-0.1181497573852539,0.022389892488718,-0.2796242833137512,-3914855088128.0,0.01,0.01,0.01,0.01,0.01,0.01,0.01,1.0,1.0,1.0,1.0,1.0,1.0,1.0,0.01,0.13409904,0.01,0.01,0.022389892,0.01,0.01,0.3498116,0.18288915,0.043672387,0.01,0.020247905,0.014862302,0.15082902,-0.2437003034980838,-1.195446421705317
1.94,-681095360.0,0.1050616954230683,-0.0523859187960624,-0.1388075649738311,-0.0162606164813041,-0.2416438460350036,-3914855088128.0,0.01,0.01,0.01,0.01,0.01,0.01,0.01,1.0,1.0,1.0,1.0,1.0,1.0,1.0,0.01,0.105061695,0.01,0.01,0.01,0.01,0.01,0.3498116,0.17321593,0.040061966,0.01,0.019646699,0.014377295,0.15082902,-0.255510267440967,-1.148154784660962
1.95,-681095360.0,0.0866548020095851,-0.0782280340790748,-0.1519125699996948,0.0565946921706199,-0.1868401326710831,-3914855088128.0,0.01,0.01,0.01,0.01,0.01,0.01,0.01,1.0,1.0,1.0,1.0,1.0,1.0,1.0,0.01,0.086654805,0.01,0.01,0.056594692,0.01,0.01,0.3498116,0.16193274,0.036871992,0.01,0.04541811,0.013941866,0.15082902,-0.2661401374073147,-0.9639278444999044
1.96,-681095360.0,0.0384911600158859,-0.0921062752604484,-0.1543235182762146,-0.0601352080702781,-0.1161817342007132,-3914855088128.0,0.01,0.01,0.01,0.01,0.01,0.01,0.01,1.0,1.0,1.0,1.0,1.0,1.0,1.0,0.01,0.03849116,0.01,0.01,0.01,0.01,0.01,0.3498116,0.14765081,0.034041155,0.01,0.043342218,0.013550027,0.15082902,-0.2738042607101449,-0.5821128357428382
1.97,-681095360.0,-0.0287063190852376,-0.0885963067412376,-0.1414933651685714,-0.0228726342320442,-0.0556833018746603,-3914855088128.0,0.01,0.01,0.01,0.01,0.01,0.01,0.01,1.0,1.0,1.0,1.0,1.0,1.0,1.0,0.01,0.01,0.01,0.01,0.01,0.01,0.01,0.3498116,0.12993276,0.031520396,0.01,0.039765902,0.013196782,0.15082902,-0.2770061808021939,-0.1254193898051324
1.98,-681095360.0,-0.1025979335917583,-0.0676486864686012,-0.1180509626865387,-0.006492068991065,0.0057610758270957,-3914855088128.0,0.01,0.01,0.01,0.01,0.01,0.01,0.01,1.0,1.0,1.0,1.0,1.0,1.0,1.0,0.01,0.01,0.01,0.01,0.01,0.01,0.01,0.3498116,0.11448565,0.029282484,0.01,0.036607236,0.012879559,0.15082902,-0.2760187830483431,0.2576554283340797
1.99,-681095360.0,-0.1329500079154968,-0.0395099744200706,-0.0941457599401474,-0.0083870161324739,0.0747155644794684,-3914855088128.0,0.01,0.01,0.01,0.01,0.01,0.01,0.01,1.0,1.0,1.0,1.0,1.0,1.0,1.0,0.01,0.01,0.01,0.01,0.01,0.07471556,0.01,0.3498116,0.101442456,0.027290186,0.01,0.03380793,0.04395199,0.15082902,-0.2720712605149953,0.4875748008905947
2.0,-681095360.0,-0.1145023554563522,-0.0166184026747941,-0.077376551926136,-0.0208464004099369,-0.0642862355444225,-3914855088128.0,0.01,0.01,0.01,0.01,0.01,0.01,0.01,1.0,1.0,1.0,1.0,1.0,1.0,1.0,0.01,0.01,0.01,0.01,0.01,0.01,0.01,0.3498116,0.09028969,0.025508659,0.01,0.03131455,0.043335844,0.15082902,-0.2662568669059912,0.6494010617294277
2.01,-681095360.0,-0.096578799188137,0.0165217593312263,-0.0584570616483688,-0.0346842408180236,-0.0276902026733815,-3914855088128.0,0.01,0.01,0.01,0.01,0.01,0.01,0.01,1.0,1.0,1.0,1.0,1.0,1.0,1.0,0.01,0.01,0.01652176,0.01,0.01,0.01,0.01,0.3498116,0.08068773,0.024447737,0.01,0.029089868,0.039751895,0.15082902,-0.2589483742299149,0.7839421570246584
2.02,-681095360.0,-0.0869083479046821,0.056753471493721,-0.0351171493530273,-0.0515462532639503,-0.0457655702573954,-3914855088128.0,0.01,0.01,0.01,0.01,0.01,0.01,0.01,1.0,1.0,1.0,1.0,1.0,1.0,1.0,0.01,0.01,0.05675347,0.01,0.01,0.01,0.01,0.3498116,0.072451346,0.046779368,0.01,0.027116979,0.03659529,0.15082902,-0.250481676147051,0.8856948068023542
2.03,-681095360.0,-0.0858413577079773,-0.0174340642988681,-0.0185310430824756,-0.0724100768566131,-0.0870668088667513,-3914855088128.0,0.01,0.01,0.01,0.01,0.01,0.01,0.01,1.0,1.0,1.0,1.0,1.0,1.0,1.0,0.01,0.01,0.01,0.01,0.01,0.01,0.01,0.3498116,0.06529373,0.04490813,0.01,0.025354553,0.033791594,0.15082902,-0.2415699618157364,0.8782287920346533
2.04,-681095360.0,-0.0899342074990272,0.022698463872075,-0.0236891955137252,-0.0906284153461456,-0.1250493689348275,-3914855088128.0,0.01,0.01,0.01,0.01,0.01,0.01,0.01,1.0,1.0,1.0,1.0,1.0,1.0,1.0,0.01,0.01,0.022698464,0.01,0.01,0.01,0.01,0.3498116,0.059057172,0.04232352,0.01,0.023780629,0.031300727,0.15082902,-0.2332137912900773,0.7956475399752697
2.0500000000000003,-681095360.0,-0.0766578371842368,0.0746936351060867,-0.0274755917489528,-0.1022028923034668,-0.1468769852942387,-3914855088128.0,0.01,0.01,0.01,0.01,0.01,0.01,0.01,1.0,1.0,1.0,1.0,1.0,1.0,1.0,0.01,0.01,0.074693635,0.01,0.01,0.01,0.01,0.3498116,0.05360423,0.064233236,0.01,0.022374135,0.029085135,0.15082902,-0.2258280206682645,0.6888865179506479
2.06,-681095360.0,-0.0055915781374665,0.0244229361414909,-0.0259621664881706,-0.1070966869592666,-0.1810859994660597,-3914855088128.0,0.01,0.01,0.01,0.01,0.01,0.01,0.01,1.0,1.0,1.0,1.0,1.0,1.0,1.0,0.01,0.01,0.024422936,0.01,0.01,0.01,0.01,0.3498116,0.048806667,0.062593445,0.01,0.021113096,0.0271067,0.15082902,-0.2198209713369937,0.5306380787300292
2.0700000000000003,-681095360.0,0.0647236468913806,0.0503811687231063,-0.0274831876158714,-0.1057313382625579,-0.244938325065428,-3914855088128.0,0.01,0.01,0.01,0.01,0.01,0.01,0.01,1.0,1.0,1.0,1.0,1.0,1.0,1.0,0.01,0.06472365,0.05038117,0.01,0.01,0.01,0.01,0.3498116,0.053048827,0.060513914,0.01,0.019982675,0.02533967,0.15082902,-0.2155073362165394,0.3696541435066635
2.08,-681095360.0,0.1101215942919769,0.0665823221206665,-0.0342505499720573,-0.0992927700281143,-0.3241552613863479,-3914855088128.0,0.01,0.01,0.01,0.01,0.01,0.01,0.01,1.0,1.0,1.0,1.0,1.0,1.0,1.0,0.01,0.11012159,0.06658232,0.01,0.01,0.01,0.01,0.3498116,0.07915965,0.06431718,0.01,0.018974459,0.023769083,0.15082902,-0.2125742742061402,0.2320273634231099
2.09,-681095360.0,0.160527337826252,0.0554082319140434,-0.0406916886568069,-0.0914258956909179,-0.3920336067676544,-3914855088128.0,0.01,0.01,0.01,0.01,0.01,0.01,0.01,1.0,1.0,1.0,1.0,1.0,1.0,1.0,0.01,0.16052733,0.055408232,0.01,0.01,0.01,0.01,0.3498116,0.11897635,0.06391632,0.01,0.018069847,0.022363994,0.15082902,-0.2111611098413532,0.0589075056545959
2.1,-681095360.0,0.1859906970941275,0.0529635623097419,-0.0479383394122123,-0.0817388370633125,-0.3820696771144867,-3914855088128.0,0.01,0.01,0.01,0.01,0.01,0.01,0.01,1.0,1.0,1.0,1.0,1.0,1.0,1.0,0.01,0.18599069,0.052963562,0.01,0.01,0.01,0.01,0.3498116,0.15406945,0.06271243,0.01,0.01725813,0.02110651,0.15082902,-0.2119528388281613,-0.2000579019063005
2.11,-681095360.0,0.1912448507425582,0.0431104786694049,-0.057324968278408,-0.0681256353855133,-0.3691841959953308,-3914855088128.0,0.01,0.01,0.01,0.01,0.01,0.01,0.01,1.0,1.0,1.0,1.0,1.0,1.0,1.0,0.01,0.19124486,0.04311048,0.01,0.01,0.01,0.01,0.3498116,0.17813145,0.060640905,0.01,0.01652945,0.01998032,0.15082902,-0.2157658254610008,-0.5258026775148148
2.12,-681095360.0,0.1777436744361659,0.0269992612302303,-0.0720401331782341,-0.053555991500616,-0.354676753282547,-3914855088128.0,0.01,0.01,0.01,0.01,0.01,0.01,0.01,1.0,1.0,1.0,1.0,1.0,1.0,1.0,0.01,0.17774367,0.026999261,0.01,0.01,0.01,0.01,0.3498116,0.18618937,0.05716978,0.01,0.015874948,0.018970909,0.15082902,-0.2228110861242968,-0.828874625861835
2.13,-681095360.0,0.1535072048390564,0.0047807437367737,-0.0972877219319343,-0.0186576806008815,-0.3194093704223633,-3914855088128.0,0.01,0.01,0.01,0.01,0.01,0.01,0.01,1.0,1.0,1.0,1.0,1.0,1.0,1.0,0.01,0.1535072,0.01,0.01,0.01,0.01,0.01,0.3498116,0.1836783,0.0522116,0.01,0.015287246,0.018066248,0.15082902,-0.232340294985039,-1.0321298838854662
2.14,-681095360.0,0.1246145491761957,-0.0225133448839187,-0.1208503320813179,0.0307884253561496,-0.2663124203681946,-3914855088128.0,0.01,0.01,0.01,0.01,0.01,0.01,0.01,1.0,1.0,1.0,1.0,1.0,1.0,1.0,0.01,0.12461455,0.01,0.01,0.030788425,0.01,0.01,0.3498116,0.17706747,0.047594573,0.01,0.025874773,0.01725515,0.15082902,-0.2432697516543064,-1.1140870184929406
2.15,-681095360.0,0.1009338205972184,-0.0496669299900531,-0.13748699426651,-0.0451886765658855,-0.2439980506896972,-3914855088128.0,0.01,0.01,0.01,0.01,0.01,0.01,0.01,1.0,1.0,1.0,1.0,1.0,1.0,1.0,0.01,0.10093382,0.01,0.01,0.01,0.01,0.01,0.3498116,0.16745296,0.043529548,0.01,0.025064383,0.016527528,0.15082902,-0.2539395699384009,-1.000513098917919
2.16,-681095360.0,0.0805476001369314,-0.0695653185248375,-0.1444412171840667,0.0020618103444576,-0.1748131436302202,-3914855088128.0,0.01,0.01,0.01,0.01,0.01,0.01,0.01,1.0,1.0,1.0,1.0,1.0,1.0,1.0,0.01,0.0805476,0.01,0.01,0.01,0.01,0.01,0.3498116,0.15676932,0.03993484,0.01,0.023521349,0.015873445,0.15082902,-0.2626639453222369,-0.7677724626266754
2.17,-681095360.0,0.0277283298907335,-0.0761361867189407,-0.1415749192237854,0.0434335395693779,-0.1103274622974576,-3914855088128.0,0.01,0.01,0.01,0.01,0.01,0.01,0.01,1.0,1.0,1.0,1.0,1.0,1.0,1.0,0.01,0.02772833,0.01,0.01,0.04343354,0.01,0.01,0.3498116,0.14231417,0.036753755,0.01,0.037017707,0.015285986,0.15082902,-0.2689847836234368,-0.5207989324984066
2.18,-681095360.0,-0.0432216104787763,-0.0716563388705253,-0.1309849023818969,-0.0344527550041675,-0.0418433834951341,-3914855088128.0,0.01,0.01,0.01,0.01,0.01,0.01,0.01,1.0,1.0,1.0,1.0,1.0,1.0,1.0,0.01,0.01,0.01,0.01,0.01,0.01,0.01,0.3498116,0.12514524,0.033932693,0.01,0.035500128,0.014758095,0.15082902,-0.2725072422598454,-0.2145873863399467
2.19,-681095360.0,-0.1259349913607664,-0.0583826228976249,-0.115892082452774,-0.0220479406416416,0.0311159991150293,-3914855088128.0,0.01,0.01,0.01,0.01,0.01,0.01,0.01,1.0,1.0,1.0,1.0,1.0,1.0,1.0,0.01,0.01,0.01,0.01,0.01,0.031116,0.01,0.3498116,0.11039238,0.031422056,0.01,0.032814663,0.020851221,0.15082902,-0.2728426096304017,0.0899517485852788
2.2,-681095360.0,-0.1363202780485153,-0.0382630676031112,-0.0977693349123001,-0.0169141478836536,0.0554047375396595,-3914855088128.0,0.01,0.01,0.01,0.01,0.01,0.01,0.01,1.0,1.0,1.0,1.0,1.0,1.0,1.0,0.01,0.01,0.01,0.01,0.01,0.055404738,0.01,0.3498116,0.09794858,0.029195176,0.01,0.030434808,0.03617619,0.15082902,-0.2705377201463389,0.3338353268733124
2.21,-681095360.0,-0.1234649717807769,-0.0198559649288654,-0.08184614777565,-0.0226829834282398,0.0018679838719848,-3914855088128.0,0.01,0.01,0.01,0.01,0.01,0.01,0.01,1.0,1.0,1.0,1.0,1.0,1.0,1.0,0.01,0.01,0.01,0.01,0.01,0.01,0.01,0.3498116,0.087304786,0.027208703,0.01,0.028313478,0.03666736,0.15082902,-0.2660415710629195,0.534311590970719
2.22,-681095360.0,-0.1089221388101577,0.0035118460655212,-0.068506971001625,-0.0337869152426719,-0.0022473731288884,-3914855088128.0,0.01,0.01,0.01,0.01,0.01,0.01,0.01,1.0,1.0,1.0,1.0,1.0,1.0,1.0,0.01,0.01,0.01,0.01,0.01,0.01,0.01,0.3498116,0.07814365,0.025434842,0.01,0.026420468,0.03407104,0.15082902,-0.2597586149590973,0.6914104356930166
2.23,-681095360.0,-0.0982618778944015,0.0443051271140575,-0.0481661930680274,-0.0472303517162799,-0.0365614020176179,-3914855088128.0,0.01,0.01,0.01,0.01,0.01,0.01,0.01,1.0,1.0,1.0,1.0,1.0,1.0,1.0,0.01,0.01,0.044305127,0.01,0.01,0.01,0.01,0.3498116,0.07023577,0.038130388,0.01,0.02473282,0.031549316,0.15082902,-0.2521554626117783,0.8035818430428936
2.24,-681095360.0,-0.0945094376802444,-0.0033130184747278,-0.0281249098479747,-0.067255325615406,-0.0824453194911971,-3914855088128.0,0.01,0.01,0.01,0.01,0.01,0.01,0.01,1.0,1.0,1.0,1.0,1.0,1.0,1.0,0.01,0.01,0.01,0.01,0.01,0.01,0.01,0.3498116,0.06336645,0.036527447,0.01,0.02322509,0.029305851,0.15082902,-0.2439117739922646,0.8272732836403943
2.25,-681095360.0,-0.0964998826384544,0.0390542708337307,-0.0258940234780311,-0.0855327993631362,-0.1209803700721269,-3914855088128.0,0.01,0.01,0.01,0.01,0.01,0.01,0.01,1.0,1.0,1.0,1.0,1.0,1.0,1.0,0.01,0.01,0.03905427,0.01,0.01,0.01,0.01,0.3498116,0.05735567,0.038129218,0.01,0.021873409,0.02730194,0.15082902,-0.2357719106991249,0.8026115270633475
2.26,-681095360.0,-0.0645154649726287,0.0577625669538974,-0.0171575620770454,-0.0990835204720497,-0.1430832919717855,-3914855088128.0,0.01,0.01,0.01,0.01,0.01,0.01,0.01,1.0,1.0,1.0,1.0,1.0,1.0,1.0,0.01,0.01,0.057762567,0.01,0.01,0.01,0.01,0.3498116,0.052108694,0.05110849,0.01,0.020666737,0.025519116,0.15082902,-0.2279989287554107,0.7516656064375261
2.27,-681095360.0,0.0075816204118625,0.0273163262754678,-0.0246070474386215,-0.1076552346348762,-0.18975954419238,-3914855088128.0,0.01,0.01,0.01,0.01,0.01,0.01,0.01,1.0,1.0,1.0,1.0,1.0,1.0,1.0,0.01,0.01,0.027316326,0.01,0.01,0.01,0.01,0.3498116,0.04749038,0.050372984,0.01,0.019584157,0.023924332,0.15082902,-0.2210437590507901,0.6487350123860769
2.28,-681095360.0,0.0810915191044397,0.0585938617587089,-0.0225709564983844,-0.1107669100165367,-0.263065919767444,-3914855088128.0,0.01,0.01,0.01,0.01,0.01,0.01,0.01,1.0,1.0,1.0,1.0,1.0,1.0,1.0,0.01,0.081091516,0.05859386,0.01,0.01,0.01,0.01,0.3498116,0.05997314,0.05515013,0.01,0.018614285,0.022499414,0.15082902,-0.215237631546591,0.5325632509237578
2.29,-681095360.0,0.114724928613354,0.0542007163166999,-0.0260548666119575,-0.1091148108243942,-0.3498557521725517,-3914855088128.0,0.01,0.01,0.01,0.01,0.01,0.01,0.01,1.0,1.0,1.0,1.0,1.0,1.0,1.0,0.01,0.11472493,0.054200716,0.01,0.01,0.01,0.01,0.3498116,0.08495766,0.055617627,0.01,0.017747212,0.021228656,0.15082902,-0.2107439349156858,0.3725136382680464
2.3000000000000003,-681095360.0,0.1779738959325099,0.0625592023134231,-0.0317708998918533,-0.1038876473903656,-0.4041642248630523,-3914855088128.0,0.01,0.01,0.01,0.01,0.01,0.01,0.01,1.0,1.0,1.0,1.0,1.0,1.0,1.0,0.01,0.1779739,0.0625592,0.01,0.01,0.01,0.01,0.3498116,0.13090098,0.060062777,0.01,0.016969295,0.020090993,0.15082902,-0.2082411411694695,0.136045687080785
2.31,-681095360.0,0.1915658051183899,0.0485686510801315,-0.0407811403274536,-0.093576855957508,-0.3939942419528961,-3914855088128.0,0.01,0.01,0.01,0.01,0.01,0.01,0.01,1.0,1.0,1.0,1.0,1.0,1.0,1.0,0.01,0.19156581,0.04856865,0.01,0.01,0.01,0.01,0.3498116,0.16359018,0.059216812,0.01,0.016270787,0.01907141,0.15082902,-0.2087555140348274,-0.2184095571517782
2.3200000000000003,-681095360.0,0.198468438264565,0.0406166650354862,-0.0534155964851379,-0.0762660428881645,-0.377154678106308,-3914855088128.0,0.01,0.01,0.01,0.01,0.01,0.01,0.01,1.0,1.0,1.0,1.0,1.0,1.0,1.0,0.01,0.19846843,0.040616665,0.01,0.01,0.01,0.01,0.3498116,0.18717873,0.05725988,0.01,0.01564234,0.018155638,0.15082902,-0.2133046137241934,-0.6316181931667171
2.33,-681095360.0,0.1784508693996426,0.0229236204177141,-0.0716073438525199,-0.0562717169523239,-0.3580273687839508,-3914855088128.0,0.01,0.01,0.01,0.01,0.01,0.01,0.01,1.0,1.0,1.0,1.0,1.0,1.0,1.0,0.01,0.17845087,0.02292362,0.01,0.01,0.01,0.01,0.3498116,0.19217616,0.053711258,0.01,0.015078327,0.017335044,0.15082902,-0.2216856273660038,-0.9791114479845618
2.34,-681095360.0,0.151140395805997,-0.0043950732797384,-0.1027404591441154,-0.011731669306755,-0.314048171043396,-3914855088128.0,0.01,0.01,0.01,0.01,0.01,0.01,0.01,1.0,1.0,1.0,1.0,1.0,1.0,1.0,0.01,0.15114039,0.01,0.01,0.01,0.01,0.01,0.3498116,0.18842214,0.049098503,0.01,0.014571442,0.016598586,0.15082902,-0.232751346325562,-1.1857255083173863
2.35,-681095360.0,0.1194095137143826,-0.0361306220293045,-0.1302506923675537,0.0466990172863006,-0.2502548396587372,-3914855088128.0,0.01,0.01,0.01,0.01,0.01,0.01,0.01,1.0,1.0,1.0,1.0,1.0,1.0,1.0,0.01,0.11940952,0.01,0.01,0.046699017,0.01,0.01,0.3498116,0.1801782,0.044860404,0.01,0.036983393,0.015938556,0.15082902,-0.2450731719767527,-1.234473195147058
2.36,-681095360.0,0.0960553129787677,-0.0661068186163902,-0.143903374671936,-0.0741126388311386,-0.2335475087165832,-3914855088128.0,0.01,0.01,0.01,0.01,0.01,0.01,0.01,1.0,1.0,1.0,1.0,1.0,1.0,1.0,0.01,0.096055314,0.01,0.01,0.01,0.01,0.01,0.3498116,0.16925615,0.041117895,0.01,0.0355616,0.015345348,0.15082902,-0.2564506412287518,-1.0200084424439628
2.37,-681095360.0,0.0748099919361064,-0.0844401121139526,-0.1518570929765701,-0.0261253826320171,-0.1634952467424124,-3914855088128.0,0.01,0.01,0.01,0.01,0.01,0.01,0.01,1.0,1.0,1.0,1.0,1.0,1.0,1.0,0.01,0.07480999,0.01,0.01,0.01,0.01,0.01,0.3498116,0.15765923,0.03780419,0.01,0.03287618,0.014811815,0.15082902,-0.2645780826163921,-0.6353529403727025
2.38,-681095360.0,0.0224678794368517,-0.0830541253089904,-0.1404240429401397,0.0164812430739402,-0.1102352623194833,-3914855088128.0,0.01,0.01,0.01,0.01,0.01,0.01,0.01,1.0,1.0,1.0,1.0,1.0,1.0,1.0,0.01,0.02246788,0.01,0.01,0.016481243,0.01,0.01,0.3498116,0.14245188,0.03486335,0.01,0.031042637,0.014331662,0.15082902,-0.2687260007831139,-0.2601614689577735
2.39,-681095360.0,-0.0437817241744761,-0.0663059204816818,-0.1202816367149353,0.0190355628728866,-0.0506855152421747,-3914855088128.0,0.01,0.01,0.01,0.01,0.01,0.01,0.01,1.0,1.0,1.0,1.0,1.0,1.0,1.0,0.01,0.01,0.01,0.01,0.019035563,0.01,0.01,0.3498116,0.12515786,0.03225509,0.01,0.029762948,0.013900353,0.15082902,-0.2697338004739699,0.007910961167206
2.4,-681095360.0,-0.1261319639736702,-0.0448124036192894,-0.1014335453510284,0.0006172135472297,0.0225012818727217,-3914855088128.0,0.01,0.01,0.01,0.01,0.01,0.01,0.01,1.0,1.0,1.0,1.0,1.0,1.0,1.0,0.01,0.01,0.01,0.01,0.01,0.022501282,0.01,0.3498116,0.11045141,0.029935453,0.01,0.027823452,0.017260393,0.15082902,-0.2686954124981995,0.1641719892152085
2.41,-681095360.0,-0.1234887093305587,-0.0248511396348476,-0.0866905748844146,-0.0111796110868453,0.0671482515270969,-3914855088128.0,0.01,0.01,0.01,0.01,0.01,0.01,0.01,1.0,1.0,1.0,1.0,1.0,1.0,1.0,0.01,0.01,0.01,0.01,0.01,0.06714825,0.01,0.3498116,0.09799989,0.027870888,0.01,0.02598735,0.042552616,0.15082902,-0.2665448924616432,0.2538099797362589
