time,SUP,ECRL,ECRB,ECU,FCR,FCU,PQ,SUP_min,ECRL_min,ECRB_min,ECU_min,FCR_min,FCU_min,PQ_min,SUP_max,ECRL_max,ECRB_max,ECU_max,FCR_max,FCU_max,PQ_max,SUP_exc,ECRL_exc,ECRB_exc,ECU_exc,FCR_exc,FCU_exc,PQ_exc,SUP_act,ECRL_act,ECRB_act,ECU_act,FCR_act,FCU_act,PQ_act,wrist_hand_r3_pos,wrist_hand_r3_vel
0.01,-1219221760.0,0.2021890081945315,0.0323379077017307,-0.0483978800475597,-0.0787425562739372,-0.3749269247055053,-2778199228416.0,0.01,0.01,0.01,0.01,0.01,0.01,0.01,1.0,1.0,1.0,1.0,1.0,1.0,1.0,0.01,0.20218901,0.032337908,0.01,0.01,0.01,0.01,0.13355477,0.23509821,0.057586603,0.0100237625,0.020155514,0.035217658,0.26082414,-0.2244719594782865,-0.7245672828939744
0.02,-1219221760.0,0.1408233158044552,0.0166598204523324,-0.0688643902540206,-0.0541689470410347,-0.3533270061016083,-2778199228416.0,0.01,0.01,0.01,0.01,0.01,0.01,0.01,1.0,1.0,1.0,1.0,1.0,1.0,1.0,0.01,0.14082332,0.01665982,0.01,0.01,0.01,0.01,0.13355477,0.22458036,0.053212184,0.010021427,0.019130582,0.032574594,0.26082414,-0.2343298559223683,-1.1572540903173631
0.03,-1219221760.0,0.1075534270486198,-0.0154901053756475,-0.1079916432499885,-0.0023547299206256,-0.3031546473503113,-2778199228416.0,0.01,0.01,0.01,0.01,0.01,0.01,0.01,1.0,1.0,1.0,1.0,1.0,1.0,1.0,0.01,0.10755343,0.01,0.01,0.01,0.01,0.01,0.13355477,0.20814952,0.048548438,0.01001932,0.018211514,0.030223893,0.26082414,-0.2467658862082056,-1.276721950701763
0.04,-1219221760.0,0.0645748555206083,-0.0516856350004673,-0.1352875530719757,0.0689669698476791,-0.0780906539598106,-2778199228416.0,0.01,0.01,0.01,0.01,0.01,0.01,0.01,1.0,1.0,1.0,1.0,1.0,1.0,1.0,0.01,0.06457485,0.01,0.01,0.06896697,0.01,0.01,0.13355477,0.19023949,0.04437773,0.010017422,0.053586517,0.028130751,0.26082414,-0.2591160027326129,-1.1498371890007322
0.05,-1219221760.0,-0.0796087935685013,-0.0790289491415023,-0.1565704345703125,-0.0823981091380119,0.0631200020032525,-2778199228416.0,0.01,0.01,0.01,0.01,0.01,0.01,0.01,1.0,1.0,1.0,1.0,1.0,1.0,1.0,0.01,0.01,0.01,0.01,0.01,0.06312,0.01,0.13355477,0.1651404,0.040694814,0.010015709,0.050748877,0.0419667,0.26082414,-0.2683993833845499,-0.6940828435684698
0.06,-1219221760.0,-0.137735977768898,-0.0849406421184539,-0.1481525003910064,-0.0265181809663772,0.0948295895710261,-2778199228416.0,0.01,0.01,0.01,0.01,0.01,0.01,0.01,1.0,1.0,1.0,1.0,1.0,1.0,1.0,0.01,0.01,0.01,0.01,0.01,0.09482959,0.01,0.13355477,0.14385915,0.037433308,0.010014165,0.046314247,0.06460268,0.26082414,-0.271697011761249,-0.0106020855612939
0.07,-1219221760.0,-0.1268467158079147,-0.0631683096289634,-0.1182676702737808,-0.0102862864732742,0.0573121031025079,-2778199228416.0,0.01,0.01,0.01,0.01,0.01,0.01,0.01,1.0,1.0,1.0,1.0,1.0,1.0,1.0,0.01,0.01,0.01,0.01,0.01,0.057312105,0.01,0.13355477,0.12617756,0.034540426,0.010012772,0.04240209,0.06995999,0.26082414,-0.2680679514963288,0.6446883508486936
0.08,-1219221760.0,-0.1057110205292701,-0.0234173107892274,-0.0821865499019622,-0.0187534093856811,-0.043347973660851,-2778199228416.0,0.01,0.01,0.01,0.01,0.01,0.01,0.01,1.0,1.0,1.0,1.0,1.0,1.0,1.0,0.01,0.01,0.01,0.01,0.01,0.01,0.01,0.13355477,0.111349754,0.03197277,0.0100115165,0.038946528,0.063604236,0.26082414,-0.2591986987163098,1.040333036569971
0.09,-1219221760.0,-0.0688320845365524,0.0214617252349853,-0.0497987568378448,-0.0390713214874267,-0.1270693501411494,-2778199228416.0,0.01,0.01,0.01,0.01,0.01,0.01,0.01,1.0,1.0,1.0,1.0,1.0,1.0,1.0,0.01,0.01,0.021461725,0.01,0.01,0.01,0.01,0.13355477,0.09877724,0.030774964,0.010010384,0.03588383,0.057595413,0.26082414,-0.2480351308557137,1.1484536294726806
0.1,-1219221760.0,0.0127104810698092,0.1000012904405593,-0.0040600672364234,-0.0696243569254875,-0.1591258330540419,-2778199228416.0,0.01,0.01,0.01,0.01,0.01,0.01,0.01,1.0,1.0,1.0,1.0,1.0,1.0,1.0,0.01,0.012710481,0.10000129,0.01,0.01,0.01,0.01,0.13355477,0.08817627,0.07816499,0.010009363,0.03316598,0.052333675,0.26082414,-0.2367006902757161,1.0902553976255007
0.1100000000000001,-1219221760.0,0.1414976908049526,-0.0211530104279518,0.0042495876550674,-0.0947408005595207,-0.2538326272289892,-2778199228416.0,0.01,0.01,0.01,0.01,0.01,0.01,0.01,1.0,1.0,1.0,1.0,1.0,1.0,1.0,0.01,0.14149769,0.01,0.01,0.01,0.01,0.01,0.13355477,0.10730948,0.073255844,0.010008443,0.03075025,0.047711447,0.26082414,-0.2271784295085788,0.7987865715087984
0.1200000000000001,-1219221760.0,0.2156718405312366,0.0373107232153415,-0.0160267762839794,-0.1066782400012016,-0.4123853743076324,-2778199228416.0,0.01,0.01,0.01,0.01,0.01,0.01,0.01,1.0,1.0,1.0,1.0,1.0,1.0,1.0,0.01,0.21567184,0.037310723,0.01,0.01,0.01,0.01,0.13355477,0.15494686,0.06882157,0.010007613,0.028599001,0.043637667,0.26082414,-0.2217989361077258,0.296745673873977
0.1299999999999999,-1219221760.0,0.3019676512975819,0.0648926645517349,-0.0308792926371097,-0.09931580722332,-0.4015656113624573,-2778199228416.0,0.01,0.01,0.01,0.01,0.01,0.01,0.01,1.0,1.0,1.0,1.0,1.0,1.0,1.0,0.01,0.30196765,0.064892665,0.01,0.01,0.01,0.01,0.13355477,0.2283243,0.06812014,0.010006864,0.026678607,0.040034004,0.26082414,-0.2220463218520147,-0.2869300977690694
0.1399999999999999,-1219221760.0,0.2142617266146608,0.0497044622898101,-0.0537130385637283,-0.0748461112380027,-0.3772391080856323,-2778199228416.0,0.01,0.01,0.01,0.01,0.01,0.01,0.01,1.0,1.0,1.0,1.0,1.0,1.0,1.0,0.01,0.21426173,0.049704462,0.01,0.01,0.01,0.01,0.13355477,0.23853676,0.06616518,0.010006189,0.024967106,0.03684881,0.26082414,-0.2281169181284987,-0.8606378225509749
0.1499999999999999,-1219221760.0,0.1473617780883909,0.0218707453459501,-0.0784191563725471,-0.046228215098381,-0.350019633769989,-2778199228416.0,0.01,0.01,0.01,0.01,0.01,0.01,0.01,1.0,1.0,1.0,1.0,1.0,1.0,1.0,0.01,0.14736179,0.021870745,0.01,0.01,0.01,0.01,0.13355477,0.22893684,0.061429046,0.010005581,0.023438077,0.034023806,0.26082414,-0.238820099716726,-1.194162480027338
0.1599999999999999,-1219221760.0,0.1007627585862045,-0.0151999313384294,-0.1121681407094001,0.0163548104465007,-0.2927223145961761,-2778199228416.0,0.01,0.01,0.01,0.01,0.01,0.01,0.01,1.0,1.0,1.0,1.0,1.0,1.0,1.0,0.01,0.10076276,0.01,0.01,0.01635481,0.01,0.01,0.13355477,0.21147019,0.055802736,0.010005033,0.022661632,0.03151222,0.26082414,-0.2511208017808878,-1.2284729051437562
0.1699999999999999,-1219221760.0,0.0752607716330927,-0.0497882552444934,-0.1432226300239563,0.0669984072446823,-0.0981309191550876,-2778199228416.0,0.01,0.01,0.01,0.01,0.01,0.01,0.01,1.0,1.0,1.0,1.0,1.0,1.0,1.0,0.01,0.07526077,0.01,0.01,0.06699841,0.01,0.01,0.13355477,0.1930584,0.050761126,0.010004538,0.05340894,0.029278025,0.26082414,-0.2626909767492859,-1.0538726030105
0.1799999999999999,-1219221760.0,-0.0510803414876185,-0.072835624217987,-0.1558174788951873,-0.0578734874725341,0.0349604699254455,-2778199228416.0,0.01,0.01,0.01,0.01,0.01,0.01,0.01,1.0,1.0,1.0,1.0,1.0,1.0,1.0,0.01,0.01,0.01,0.01,0.01,0.03496047,0.01,0.13355477,0.1682978,0.046325758,0.010004092,0.050485823,0.03085332,0.26082414,-0.2709756911845229,-0.6061010035471501
0.1899999999999999,-1219221760.0,-0.1338532567024231,-0.075459748506546,-0.1438434273004531,-0.0175472367554903,0.1229416922550811,-2778199228416.0,0.01,0.01,0.01,0.01,0.01,0.01,0.01,1.0,1.0,1.0,1.0,1.0,1.0,1.0,0.01,0.01,0.01,0.01,0.01,0.122941695,0.01,0.13355477,0.14646123,0.04241335,0.01000369,0.04608232,0.072672315,0.26082414,-0.2738496357621099,-0.0145812819396912
0.1999999999999999,-1219221760.0,-0.1231439858675003,-0.0553168281912803,-0.1163467168807983,-0.0016832016408443,0.0360110145942323,-2778199228416.0,0.01,0.01,0.01,0.01,0.01,0.01,0.01,1.0,1.0,1.0,1.0,1.0,1.0,1.0,0.01,0.01,0.01,0.01,0.01,0.036011014,0.01,0.13355477,0.12835939,0.03895512,0.010003326,0.042198744,0.07178089,0.26082414,-0.2707649529814301,0.5590821296234043
0.2099999999999999,-1219221760.0,-0.1038368716835975,-0.0205317288637161,-0.0842939093708992,-0.0113745983690023,-0.0311799803538384,-2778199228416.0,0.01,0.01,0.01,0.01,0.01,0.01,0.01,1.0,1.0,1.0,1.0,1.0,1.0,1.0,0.01,0.01,0.01,0.01,0.01,0.01,0.01,0.13355477,0.113190405,0.03589281,0.010003,0.038766634,0.065531224,0.26082414,-0.2629934299468057,0.9178095814966776
0.2199999999999999,-1219221760.0,-0.0719686448574066,0.0185168124735355,-0.0571194700896739,-0.0321496650576591,-0.1169295861455125,-2778199228416.0,0.01,0.01,0.01,0.01,0.01,0.01,0.01,1.0,1.0,1.0,1.0,1.0,1.0,1.0,0.01,0.01,0.018516812,0.01,0.01,0.01,0.01,0.13355477,0.10034419,0.033990223,0.010002704,0.03572458,0.059279934,0.26082414,-0.2530767356204432,1.024562126787676
0.2299999999999999,-1219221760.0,-0.0138403286396579,0.0890416353940963,-0.0174748487770557,-0.056885439902544,-0.1539587711246716,-2778199228416.0,0.01,0.01,0.01,0.01,0.01,0.01,0.01,1.0,1.0,1.0,1.0,1.0,1.0,1.0,0.01,0.01,0.089041635,0.01,0.01,0.01,0.01,0.13355477,0.08937603,0.071757704,0.010002439,0.03302263,0.053806696,0.26082414,-0.2429361116620419,0.9800876346345392
0.24,-1219221760.0,0.1229112196920052,-0.0067838197574019,-0.0166458860039711,-0.080515906214714,-0.2302510282899535,-2778199228416.0,0.01,0.01,0.01,0.01,0.01,0.01,0.01,1.0,1.0,1.0,1.0,1.0,1.0,1.0,0.01,0.12291122,0.01,0.01,0.01,0.01,0.01,0.13355477,0.09980221,0.06757212,0.010002199,0.030620487,0.04900235,0.26082414,-0.2342147105607554,0.7561450643534523
0.25,-1219221760.0,0.2052757576540771,0.039319809526205,-0.0279508456587791,-0.0934413224458694,-0.3834703914090317,-2778199228416.0,0.01,0.01,0.01,0.01,0.01,0.01,0.01,1.0,1.0,1.0,1.0,1.0,1.0,1.0,0.01,0.20527576,0.03931981,0.01,0.01,0.01,0.01,0.13355477,0.1463555,0.06401587,0.010001983,0.028482698,0.044774797,0.26082414,-0.2287378151149056,0.3551677933474436
0.26,-1219221760.0,0.2956449960661994,0.0665908008813858,-0.0367571897804737,-0.0908104479312896,-0.393998235464096,-2778199228416.0,0.01,0.01,0.01,0.01,0.01,0.01,0.01,1.0,1.0,1.0,1.0,1.0,1.0,1.0,0.01,0.295645,0.0665908,0.01,0.01,0.01,0.01,0.13355477,0.21945016,0.065603025,0.010001788,0.026577022,0.041043684,0.26082414,-0.2278168710100977,-0.1401032506231702
0.27,-1219221760.0,0.2218341376443245,0.0480187013745307,-0.052724115550518,-0.0733841210603714,-0.3752190768718719,-2778199228416.0,0.01,0.01,0.01,0.01,0.01,0.01,0.01,1.0,1.0,1.0,1.0,1.0,1.0,1.0,0.01,0.22183414,0.0480187,0.01,0.01,0.01,0.01,0.13355477,0.23569082,0.063868485,0.010001612,0.024873808,0.037738048,0.26082414,-0.2323166468196564,-0.6930540841373779
0.28,-1219221760.0,0.1558539179319573,0.0237818025052547,-0.0728570148348808,-0.0488714687526226,-0.351511538028717,-2778199228416.0,0.01,0.01,0.01,0.01,0.01,0.01,0.01,1.0,1.0,1.0,1.0,1.0,1.0,1.0,0.01,0.15585391,0.023781803,0.01,0.01,0.01,0.01,0.13355477,0.22798659,0.059610207,0.010001454,0.023354458,0.03481271,0.26082414,-0.2415915728429817,-1.0786407412106556
0.29,-1219221760.0,0.1067182236345256,-0.0073430864140391,-0.1103082448244094,-0.001992255449295,-0.3078835904598236,-2778199228416.0,0.01,0.01,0.01,0.01,0.01,0.01,0.01,1.0,1.0,1.0,1.0,1.0,1.0,1.0,0.01,0.10671823,0.01,0.01,0.01,0.01,0.01,0.13355477,0.21195145,0.05423843,0.01000131,0.021995552,0.032214537,0.26082414,-0.2530884520148372,-1.1713660475932015
0.3,-1219221760.0,0.0845343192985959,-0.0416351370513439,-0.1376417875289917,0.0665297955274581,-0.1224913062091417,-2778199228416.0,0.01,0.01,0.01,0.01,0.01,0.01,0.01,1.0,1.0,1.0,1.0,1.0,1.0,1.0,0.01,0.08453432,0.01,0.01,0.066529796,0.01,0.01,0.13355477,0.1943111,0.049387466,0.010001182,0.05288074,0.02990375,0.26082414,-0.2643029307507421,-1.0350105245048478
0.31,-1219221760.0,-0.036626370652812,-0.0666021704673767,-0.1529947519302368,-0.0609073638916015,0.0224603467422438,-2778199228416.0,0.01,0.01,0.01,0.01,0.01,0.01,0.01,1.0,1.0,1.0,1.0,1.0,1.0,1.0,0.01,0.01,0.01,0.01,0.01,0.022460347,0.01,0.13355477,0.1702698,0.04511586,0.010001065,0.049974874,0.028380211,0.26082414,-0.2725808621906149,-0.6196510106687652
0.32,-1219221760.0,-0.1334712207317352,-0.0723312050104141,-0.1436550617218017,-0.0189079623669385,0.1473821727111007,-2778199228416.0,0.01,0.01,0.01,0.01,0.01,0.01,0.01,1.0,1.0,1.0,1.0,1.0,1.0,1.0,0.01,0.01,0.01,0.01,0.01,0.14738217,0.01,0.13355477,0.14810178,0.041346464,0.010000961,0.045634314,0.087439306,0.26082414,-0.275796173019932,-0.054436976195407
0.33,-1219221760.0,-0.1233716011047363,-0.0557073280215263,-0.1184175759553909,-0.0019744243472814,0.0095948159206008,-2778199228416.0,0.01,0.01,0.01,0.01,0.01,0.01,0.01,1.0,1.0,1.0,1.0,1.0,1.0,1.0,0.01,0.01,0.01,0.01,0.01,0.01,0.01,0.13355477,0.1297118,0.038008716,0.010000866,0.041800797,0.08129216,0.26082414,-0.272932177871647,0.5527769011421011
0.3400000000000001,-1219221760.0,-0.1045368015766143,-0.0221748054027557,-0.0860829055309295,-0.0106357503682374,-0.028049661903364,-2778199228416.0,0.01,0.01,0.01,0.01,0.01,0.01,0.01,1.0,1.0,1.0,1.0,1.0,1.0,1.0,0.01,0.01,0.01,0.01,0.01,0.01,0.01,0.13355477,0.11433078,0.03505342,0.010000781,0.038414486,0.07360079,0.26082414,-0.2649370006783608,0.9641278798543064
0.3500000000000001,-1219221760.0,-0.0710958689451217,0.0181346051394939,-0.0573962405323982,-0.0320184081792831,-0.1123939699472957,-2778199228416.0,0.01,0.01,0.01,0.01,0.01,0.01,0.01,1.0,1.0,1.0,1.0,1.0,1.0,1.0,0.01,0.01,0.018134605,0.01,0.01,0.01,0.01,0.13355477,0.10131501,0.033209074,0.010000705,0.03541255,0.0663123,0.26082414,-0.2543435561849809,1.1071605133565976
0.3600000000000001,-1219221760.0,-0.0187990937488547,0.0970749258995056,-0.0123691856861114,-0.0593360923230648,-0.1548645523190054,-2778199228416.0,0.01,0.01,0.01,0.01,0.01,0.01,0.01,1.0,1.0,1.0,1.0,1.0,1.0,1.0,0.01,0.01,0.097074926,0.01,0.01,0.01,0.01,0.13355477,0.09021178,0.07692487,0.010000635,0.032746326,0.05995989,0.26082414,-0.2432847121204212,1.073408434327635
0.3700000000000001,-1219221760.0,0.1221157227924658,-0.0129570327699184,-0.0106279887259006,-0.0857325792312622,-0.2261359764199774,-2778199228416.0,0.01,0.01,0.01,0.01,0.01,0.01,0.01,1.0,1.0,1.0,1.0,1.0,1.0,1.0,0.01,0.122115724,0.01,0.01,0.01,0.01,0.01,0.13355477,0.099793315,0.07232612,0.010000573,0.030375786,0.05440543,0.26082414,-0.233748324722613,0.8202612020532775
0.3799999999999999,-1219221760.0,0.2018787025835885,0.0405611097812652,-0.022835686802864,-0.1000930219888687,-0.3777604475200866,-2778199228416.0,0.01,0.01,0.01,0.01,0.01,0.01,0.01,1.0,1.0,1.0,1.0,1.0,1.0,1.0,0.01,0.2018787,0.04056111,0.01,0.01,0.01,0.01,0.13355477,0.14457974,0.068332,0.010000517,0.028264925,0.04953171,0.26082414,-0.2278993376044389,0.3680554126583011
0.3899999999999999,-1219221760.0,0.2976028238994972,0.0706755518913269,-0.0349162109196186,-0.0963123440742492,-0.3967083990573883,-2778199228416.0,0.01,0.01,0.01,0.01,0.01,0.01,0.01,1.0,1.0,1.0,1.0,1.0,1.0,1.0,0.01,0.29760283,0.07067555,0.01,0.01,0.01,0.01,0.13355477,0.21877822,0.06974269,0.010000465,0.026383294,0.045243554,0.26082414,-0.2270740852855771,-0.1669002402737705
0.3999999999999999,-1219221760.0,0.2271677390267322,0.0521400421857833,-0.0524413622915744,-0.0763197094202041,-0.3760370910167694,-2778199228416.0,0.01,0.01,0.01,0.01,0.01,0.01,0.01,1.0,1.0,1.0,1.0,1.0,1.0,1.0,0.01,0.22716774,0.052140042,0.01,0.01,0.01,0.01,0.13355477,0.23544422,0.0679944,0.01000042,0.024702579,0.04145698,0.26082414,-0.2318617480002726,-0.7290766830680849
0.4099999999999999,-1219221760.0,0.1603578474099303,0.0263041071593761,-0.0731425657868385,-0.0497073531150817,-0.3508158028125763,-2778199228416.0,0.01,0.01,0.01,0.01,0.01,0.01,0.01,1.0,1.0,1.0,1.0,1.0,1.0,1.0,0.01,0.16035785,0.026304107,0.01,0.01,0.01,0.01,0.13355477,0.22849798,0.06352674,0.010000379,0.023201412,0.038109537,0.26082414,-0.2414182119248221,-1.0965901812394994
0.4199999999999999,-1219221760.0,0.1072351153410269,-0.0066639203578233,-0.1111540347337722,-0.0014459490776062,-0.3053552210330963,-2778199228416.0,0.01,0.01,0.01,0.01,0.01,0.01,0.01,1.0,1.0,1.0,1.0,1.0,1.0,1.0,0.01,0.10723512,0.01,0.01,0.01,0.01,0.01,0.13355477,0.21261345,0.05769021,0.010000342,0.021858348,0.035141736,0.26082414,-0.2529336698880731,-1.1604060653300372
0.4299999999999999,-1219221760.0,0.085405500972983,-0.0404620654881,-0.1381499469280243,0.0663830488920211,-0.1215548901965976,-2778199228416.0,0.01,0.01,0.01,0.01,0.01,0.01,0.01,1.0,1.0,1.0,1.0,1.0,1.0,1.0,0.01,0.0854055,0.01,0.01,0.06638305,0.01,0.01,0.13355477,0.19490364,0.052417945,0.010000308,0.05268882,0.032507103,0.26082414,-0.2639286391965915,-1.0066521639456203
0.4399999999999999,-1219221760.0,-0.0335736451872369,-0.0639052242040634,-0.1517866551876068,-0.0625265538692474,0.0222477149304592,-2778199228416.0,0.01,0.01,0.01,0.01,0.01,0.01,0.01,1.0,1.0,1.0,1.0,1.0,1.0,1.0,0.01,0.01,0.01,0.01,0.01,0.022247715,0.01,0.13355477,0.17097451,0.047784586,0.010000277,0.049839426,0.030691128,0.26082414,-0.2718986445379254,-0.589642329357969
0.4499999999999999,-1219221760.0,-0.1320187896490097,-0.0683488696813583,-0.1417004466056823,-0.0206838771700859,0.1465769161727237,-2778199228416.0,0.01,0.01,0.01,0.01,0.01,0.01,0.01,1.0,1.0,1.0,1.0,1.0,1.0,1.0,0.01,0.01,0.01,0.01,0.01,0.14657691,0.01,0.13355477,0.14867668,0.043702338,0.01000025,0.045514274,0.08775855,0.26082414,-0.2748687483811547,-0.0379326066574185
0.4599999999999999,-1219221760.0,-0.1216601356863975,-0.0514530912041664,-0.1166056841611862,-0.0048464611172676,0.0199184934804844,-2778199228416.0,0.01,0.01,0.01,0.01,0.01,0.01,0.01,1.0,1.0,1.0,1.0,1.0,1.0,1.0,0.01,0.01,0.01,0.01,0.01,0.019918494,0.01,0.13355477,0.13018897,0.04009311,0.010000226,0.041694503,0.08248387,0.26082414,-0.2719612905307934,0.5461284418470121
0.47,-1219221760.0,-0.10272678732872,-0.0194581113755702,-0.0851569548249244,-0.0127133252099156,-0.0229054858290534,-2778199228416.0,0.01,0.01,0.01,0.01,0.01,0.01,0.01,1.0,1.0,1.0,1.0,1.0,1.0,1.0,0.01,0.01,0.01,0.01,0.01,0.01,0.01,0.13355477,0.11473253,0.03690179,0.010000204,0.03832036,0.07500217,0.26082414,-0.2641487579971412,0.9373639424468077
0.48,-1219221760.0,-0.0703914910554885,0.0210383981466293,-0.0575289763510227,-0.0328321233391761,-0.1088418507635423,-2778199228416.0,0.01,0.01,0.01,0.01,0.01,0.01,0.01,1.0,1.0,1.0,1.0,1.0,1.0,1.0,0.01,0.01,0.021038398,0.01,0.01,0.01,0.01,0.13355477,0.10165597,0.035134126,0.010000183,0.035329003,0.06752999,0.26082414,-0.2538831701326622,1.070632244183321
0.49,-1219221760.0,-0.0163388850512618,0.0932575464248657,-0.015037465840578,-0.0590603724122047,-0.1516381308121824,-2778199228416.0,0.01,0.01,0.01,0.01,0.01,0.01,0.01,1.0,1.0,1.0,1.0,1.0,1.0,1.0,0.01,0.01,0.09325755,0.01,0.01,0.01,0.01,0.13355477,0.09050292,0.07485491,0.010000166,0.03267198,0.061022177,0.26082414,-0.2432068199920205,1.0358167279513302
0.5,-1219221760.0,0.125173569208469,-0.0041225999593734,-0.0129750296473503,-0.0841511785984039,-0.2261709311307763,-2778199228416.0,0.01,0.01,0.01,0.01,0.01,0.01,0.01,1.0,1.0,1.0,1.0,1.0,1.0,1.0,0.01,0.12517357,0.01,0.01,0.01,0.01,0.01,0.13355477,0.101175204,0.07032613,0.010000149,0.030309534,0.055335604,0.26082414,-0.2339791050782405,0.7971238393369617
0.51,-1219221760.0,0.2061461515867609,0.0447762161493301,-0.0241092890501022,-0.0978875309228897,-0.3792520829415353,-2778199228416.0,0.01,0.01,0.01,0.01,0.01,0.01,0.01,1.0,1.0,1.0,1.0,1.0,1.0,1.0,0.01,0.20614615,0.044776216,0.01,0.01,0.01,0.01,0.13355477,0.14798425,0.067003116,0.010000135,0.0282041,0.05034436,0.26082414,-0.2282789522290133,0.3679099193354736
0.52,-1219221760.0,0.2968189810214962,0.0723073184490203,-0.0358189903199672,-0.0943536534905433,-0.3935965597629547,-2778199228416.0,0.01,0.01,0.01,0.01,0.01,0.01,0.01,1.0,1.0,1.0,1.0,1.0,1.0,1.0,0.01,0.29681897,0.07230732,0.01,0.01,0.01,0.01,0.13355477,0.22032034,0.07036303,0.010000121,0.026328534,0.04595843,0.26082414,-0.2273518695267734,-0.148713966924428
0.53,-1219221760.0,0.2258239772853042,0.0493242181837558,-0.0524035282433033,-0.07554542273283,-0.3742096722126007,-2778199228416.0,0.01,0.01,0.01,0.01,0.01,0.01,0.01,1.0,1.0,1.0,1.0,1.0,1.0,1.0,0.01,0.22582398,0.04932422,0.01,0.01,0.01,0.01,0.13355477,0.23673324,0.068345316,0.01000011,0.024652759,0.04208618,0.26082414,-0.2319750412547011,-0.711533010204001
0.54,-1219221760.0,0.1588848550253815,0.025905892252922,-0.0730964690446853,-0.0497212521731853,-0.3500767350196838,-2778199228416.0,0.01,0.01,0.01,0.01,0.01,0.01,0.01,1.0,1.0,1.0,1.0,1.0,1.0,1.0,0.01,0.15888485,0.025905892,0.01,0.01,0.01,0.01,0.13355477,0.2293258,0.06376458,0.0100000985,0.023156876,0.03866663,0.26082414,-0.241397155273628,-1.0873139565341607
0.55,-1219221760.0,0.1079506459203007,-0.0063641546294093,-0.1105049774050712,-0.0024290867149829,-0.304783284664154,-2778199228416.0,0.01,0.01,0.01,0.01,0.01,0.01,0.01,1.0,1.0,1.0,1.0,1.0,1.0,1.0,0.01,0.10795064,0.01,0.01,0.01,0.01,0.01,0.13355477,0.21328826,0.057895593,0.010000089,0.021818792,0.03563664,0.26082414,-0.2528651297633084,-1.1586299188035416
0.56,-1219221760.0,0.0803301393106322,-0.0399798192083835,-0.1376163810491562,0.0654320865869522,-0.1110323321621374,-2778199228416.0,0.01,0.01,0.01,0.01,0.01,0.01,0.01,1.0,1.0,1.0,1.0,1.0,1.0,1.0,0.01,0.08033014,0.01,0.01,0.06543209,0.01,0.01,0.13355477,0.1952421,0.05259863,0.01000008,0.052085884,0.03294712,0.26082414,-0.2638626047148126,-1.0080614285691436
0.5700000000000001,-1219221760.0,-0.0449805319993705,-0.0635328739881515,-0.151590496301651,-0.0612378008663654,0.036178195495947,-2778199228416.0,0.01,0.01,0.01,0.01,0.01,0.01,0.01,1.0,1.0,1.0,1.0,1.0,1.0,1.0,0.01,0.01,0.01,0.01,0.01,0.036178194,0.01,0.13355477,0.17055672,0.047943596,0.010000072,0.04926773,0.033374924,0.26082414,-0.271858784354059,-0.5921694354307606
0.5800000000000001,-1219221760.0,-0.1308870017528534,-0.0681760385632515,-0.1417820006608963,-0.020254798233509,0.1337828941198026,-2778199228416.0,0.01,0.01,0.01,0.01,0.01,0.01,0.01,1.0,1.0,1.0,1.0,1.0,1.0,1.0,0.01,0.01,0.01,0.01,0.01,0.1337829,0.01,0.13355477,0.14832295,0.043841425,0.010000065,0.045009125,0.08053723,0.26082414,-0.2747782425762857,-0.0307901585851592
0.5900000000000001,-1219221760.0,-0.1210985332727432,-0.0510502234101295,-0.1163254678249359,-0.0045604724436998,0.0370395631926133,-2778199228416.0,0.01,0.01,0.01,0.01,0.01,0.01,0.01,1.0,1.0,1.0,1.0,1.0,1.0,1.0,0.01,0.01,0.01,0.01,0.01,0.037039563,0.01,0.13355477,0.12990704,0.040217828,0.010000058,0.04125002,0.07875685,0.26082414,-0.2718841108394544,0.5397158744005119
0.6000000000000001,-1219221760.0,-0.1023606657981872,-0.0193092115223407,-0.0851864442229271,-0.0126648927107453,-0.0272179042424914,-2778199228416.0,0.01,0.01,0.01,0.01,0.01,0.01,0.01,1.0,1.0,1.0,1.0,1.0,1.0,1.0,0.01,0.01,0.01,0.01,0.01,0.01,0.01,0.13355477,0.11449527,0.037012335,0.010000053,0.037926774,0.07180611,0.26082414,-0.2642428714045286,0.9119054258266994
0.6100000000000001,-1219221760.0,-0.0710016712546348,0.0201701521873474,-0.058414738625288,-0.0325407981872558,-0.1124692346185694,-2778199228416.0,0.01,0.01,0.01,0.01,0.01,0.01,0.01,1.0,1.0,1.0,1.0,1.0,1.0,1.0,0.01,0.01,0.020170152,0.01,0.01,0.01,0.01,0.13355477,0.101454444,0.035149537,0.010000048,0.034979813,0.06475112,0.26082414,-0.254302501578973,1.0334537561991337
0.6200000000000001,-1219221760.0,0.0029316920308563,0.0896556228399276,-0.0180214717984199,-0.0575557090342044,-0.149740482710856,-2778199228416.0,0.01,0.01,0.01,0.01,0.01,0.01,0.01,1.0,1.0,1.0,1.0,1.0,1.0,1.0,0.01,0.01,0.08965562,0.01,0.01,0.01,0.01,0.13355477,0.09032878,0.07243928,0.010000044,0.03236135,0.058595356,0.26082414,-0.2440207688964662,0.9967666986394834
0.6299999999999999,-1219221760.0,0.1422497438865836,-0.0029408959671854,-0.0146565362811088,-0.0816385224461555,-0.2412477478921137,-2778199228416.0,0.01,0.01,0.01,0.01,0.01,0.01,0.01,1.0,1.0,1.0,1.0,1.0,1.0,1.0,0.01,0.14224975,0.01,0.01,0.01,0.01,0.01,0.13355477,0.10858139,0.06810702,0.010000039,0.030033423,0.053210158,0.26082414,-0.2351347429945794,0.7675612519303557
0.6399999999999999,-1219221760.0,0.2214835957232456,0.0430942997336387,-0.0129994116723537,-0.0948849022388458,-0.3992290496826172,-2778199228416.0,0.01,0.01,0.01,0.01,0.01,0.01,0.01,1.0,1.0,1.0,1.0,1.0,1.0,1.0,0.01,0.2214836,0.0430943,0.01,0.01,0.01,0.01,0.13355477,0.15844801,0.06494763,0.010000035,0.027960667,0.04848299,0.26082414,-0.2296732387581042,0.3360471833566208
0.6499999999999999,-1219221760.0,0.3008785985064592,0.0687849000096321,-0.0209326595067977,-0.0915865302085876,-0.3912252485752105,-2778199228416.0,0.01,0.01,0.01,0.01,0.01,0.01,0.01,1.0,1.0,1.0,1.0,1.0,1.0,1.0,0.01,0.30087858,0.0687849,0.01,0.01,0.01,0.01,0.13355477,0.2303499,0.067397065,0.010000031,0.026109837,0.04431407,0.26082414,-0.2291958359813137,-0.1984575469583784
0.6599999999999999,-1219221760.0,0.2157375611640837,0.0455835834145545,-0.0484384708106517,-0.0719843879342079,-0.3712268769741058,-2778199228416.0,0.01,0.01,0.01,0.01,0.01,0.01,0.01,1.0,1.0,1.0,1.0,1.0,1.0,1.0,0.01,0.21573757,0.045583583,0.01,0.01,0.01,0.01,0.13355477,0.24087545,0.06524166,0.010000029,0.024458459,0.04063588,0.26082414,-0.2343708533538278,-0.773830153051569
0.6699999999999999,-1219221760.0,0.1499432920942335,0.0210140515118837,-0.0778471305966377,-0.0461566857993602,-0.3469943404197693,-2778199228416.0,0.01,0.01,0.01,0.01,0.01,0.01,0.01,1.0,1.0,1.0,1.0,1.0,1.0,1.0,0.01,0.14994329,0.021014052,0.01,0.01,0.01,0.01,0.13355477,0.2312086,0.060488228,0.010000026,0.022983324,0.037382726,0.26082414,-0.2443555180744972,-1.137316230803121
0.6799999999999999,-1219221760.0,0.1050653104865794,-0.0126298973336815,-0.1131727546453476,0.0078309886157512,-0.2957819402217865,-2778199228416.0,0.01,0.01,0.01,0.01,0.01,0.01,0.01,1.0,1.0,1.0,1.0,1.0,1.0,1.0,0.01,0.10506531,0.01,0.01,0.01,0.01,0.01,0.13355477,0.21388792,0.05497008,0.010000023,0.021663254,0.034496948,0.26082414,-0.2562406742259239,-1.1954664940659716
0.69,-1219221760.0,0.0646306661980821,-0.0472490936517715,-0.1444016396999359,0.0729113072156906,-0.0755479883104595,-2778199228416.0,0.01,0.01,0.01,0.01,0.01,0.01,0.01,1.0,1.0,1.0,1.0,1.0,1.0,1.0,0.01,0.064630665,0.01,0.01,0.07291131,0.01,0.01,0.13355477,0.19469355,0.05003085,0.010000021,0.05721927,0.031934526,0.26082414,-0.2675435224088306,-1.0295783669597716
0.7,-1219221760.0,-0.07570479637859,-0.0710863918066024,-0.1562383770942688,-0.0694022178649902,0.0696565040759677,-2778199228416.0,0.01,0.01,0.01,0.01,0.01,0.01,0.01,1.0,1.0,1.0,1.0,1.0,1.0,1.0,0.01,0.01,0.01,0.01,0.01,0.069656506,0.01,0.13355477,0.16877384,0.045685,0.010000018,0.053999163,0.046921577,0.26082414,-0.2755602517980519,-0.5664154630560978
0.71,-1219221760.0,-0.1308328509330749,-0.0743218585848808,-0.1439055949449539,-0.0208172034472227,0.102601809558859,-2778199228416.0,0.01,0.01,0.01,0.01,0.01,0.01,0.01,1.0,1.0,1.0,1.0,1.0,1.0,1.0,0.01,0.01,0.01,0.01,0.01,0.10260181,0.01,0.13355477,0.14685284,0.04184734,0.010000017,0.04917396,0.070970975,0.26082414,-0.2777047674641807,0.0887655006218381
0.72,-1219221760.0,-0.1200237646698951,-0.0524574071168899,-0.1139842867851257,-0.0080282157287001,0.0572955298837994,-2778199228416.0,0.01,0.01,0.01,0.01,0.01,0.01,0.01,1.0,1.0,1.0,1.0,1.0,1.0,1.0,0.01,0.01,0.01,0.01,0.01,0.05729553,0.01,0.13355477,0.12869152,0.03845484,0.010000016,0.04492761,0.07413673,0.26082414,-0.2734204076663725,0.6853041403777649
0.73,-1219221760.0,-0.0967379212379455,-0.0176729578524827,-0.0817453265190124,-0.0175162069499492,-0.041735526783225,-2778199228416.0,0.01,0.01,0.01,0.01,0.01,0.01,0.01,1.0,1.0,1.0,1.0,1.0,1.0,1.0,0.01,0.01,0.01,0.01,0.01,0.01,0.01,0.13355477,0.11347097,0.035449184,0.010000014,0.041180354,0.06726752,0.26082414,-0.264510249644988,1.016070067921892
0.74,-1219221760.0,-0.0614450760185718,0.0336151346564292,-0.0478776060044765,-0.0375381931662559,-0.124084031392417,-2778199228416.0,0.01,0.01,0.01,0.01,0.01,0.01,0.01,1.0,1.0,1.0,1.0,1.0,1.0,1.0,0.01,0.01,0.033615135,0.01,0.01,0.01,0.01,0.13355477,0.10057158,0.03504998,0.010000013,0.037861552,0.060790855,0.26082414,-0.2538088294642331,1.089502274726479
0.75,-1219221760.0,0.0444394917687507,0.0906380340456962,-0.0075923204421997,-0.0654554516077041,-0.1557793670098592,-2778199228416.0,0.01,0.01,0.01,0.01,0.01,0.01,0.01,1.0,1.0,1.0,1.0,1.0,1.0,1.0,0.01,0.04443949,0.090638034,0.01,0.01,0.01,0.01,0.13355477,0.09118107,0.073168434,0.010000011,0.034919113,0.055128794,0.26082414,-0.2431563552147619,1.0204793648247372
0.76,-1219221760.0,0.1664765626599198,-0.0025766165927052,-0.0133550353348255,-0.0876049175858497,-0.2746738857130487,-2778199228416.0,0.01,0.01,0.01,0.01,0.01,0.01,0.01,1.0,1.0,1.0,1.0,1.0,1.0,1.0,0.01,0.16647656,0.01,0.01,0.01,0.01,0.01,0.13355477,0.12098631,0.068594955,0.01000001,0.032309633,0.050169885,0.26082414,-0.2342410723477642,0.7450592697354211
0.77,-1219221760.0,0.2522607276159507,0.0440292134881019,-0.0261641293764114,-0.0979691296815872,-0.4029786884784698,-2778199228416.0,0.01,0.01,0.01,0.01,0.01,0.01,0.01,1.0,1.0,1.0,1.0,1.0,1.0,1.0,0.01,0.2522607,0.044029213,0.01,0.01,0.01,0.01,0.13355477,0.18003902,0.06543525,0.010000009,0.029988378,0.04580659,0.26082414,-0.2293345379025824,0.2514884003478067
0.78,-1219221760.0,0.2881540107972135,0.0660576447844505,-0.0242037549614906,-0.0906567275524139,-0.3923786282539367,-2778199228416.0,0.01,0.01,0.01,0.01,0.01,0.01,0.01,1.0,1.0,1.0,1.0,1.0,1.0,1.0,0.01,0.288154,0.066057645,0.01,0.01,0.01,0.01,0.13355477,0.23728374,0.06574111,0.010000008,0.027916694,0.041949328,0.26082414,-0.2300763465646703,-0.3387573666947179
0.79,-1219221760.0,0.2065548497662965,0.0427839308977127,-0.0620345473289489,-0.0665177926421165,-0.3684459030628204,-2778199228416.0,0.01,0.01,0.01,0.01,0.01,0.01,0.01,1.0,1.0,1.0,1.0,1.0,1.0,1.0,0.01,0.20655484,0.04278393,0.01,0.01,0.01,0.01,0.13355477,0.2427274,0.06346321,0.010000007,0.026071357,0.038543228,0.26082414,-0.2366665601126435,-0.8985649086126004
0.8,-1219221760.0,0.1402670905424613,0.014547798782587,-0.0817687064409256,-0.0378907658159732,-0.3414948880672455,-2778199228416.0,0.01,0.01,0.01,0.01,0.01,0.01,0.01,1.0,1.0,1.0,1.0,1.0,1.0,1.0,0.01,0.14026709,0.014547799,0.01,0.01,0.01,0.01,0.13355477,0.23086424,0.058244005,0.010000006,0.024424952,0.03552756,0.26082414,-0.2474846078522553,-1.1827196119005643
0.81,-1219221760.0,0.104473956462343,-0.021520547568798,-0.1202017068862915,0.0289014540612697,-0.2536731183494995,-2778199228416.0,0.01,0.01,0.01,0.01,0.01,0.01,0.01,1.0,1.0,1.0,1.0,1.0,1.0,1.0,0.01,0.104473956,0.01,0.01,0.028901454,0.01,0.01,0.13355477,0.2129046,0.05294503,0.010000006,0.027503045,0.032849737,0.26082414,-0.2594050614703957,-1.1613514282555752
0.8200000000000001,-1219221760.0,0.0391501440500704,-0.0543831586837768,-0.1498413383960724,0.025300096720457,-0.0401073931694321,-2778199228416.0,0.01,0.01,0.01,0.01,0.01,0.01,0.01,1.0,1.0,1.0,1.0,1.0,1.0,1.0,0.01,0.039150145,0.01,0.01,0.025300097,0.01,0.01,0.13355477,0.19178507,0.0482409,0.010000005,0.02747401,0.030464912,0.26082414,-0.2699608641974976,-0.9550966292551284
0.8300000000000001,-1219221760.0,-0.10952587988001,-0.0734527930617332,-0.1543572694063186,0.0504870973527431,0.0992468803240328,-2778199228416.0,0.01,0.01,0.01,0.01,0.01,0.01,0.01,1.0,1.0,1.0,1.0,1.0,1.0,1.0,0.01,0.01,0.01,0.01,0.050487097,0.09924688,0.01,0.13355477,0.16614634,0.044103637,0.010000005,0.042987406,0.05982522,0.26082414,-0.277958949358954,-0.6427362614385241
0.8400000000000001,-1219221760.0,-0.1299402117729187,-0.0769251510500907,-0.1447142958641052,-0.0233887899667024,0.0842971180779767,-2778199228416.0,0.01,0.01,0.01,0.01,0.01,0.01,0.01,1.0,1.0,1.0,1.0,1.0,1.0,1.0,0.01,0.01,0.01,0.01,0.01,0.08429712,0.01,0.13355477,0.1447167,0.040453244,0.010000004,0.040314544,0.070505515,0.26082414,-0.2815754417283324,-0.091908459482871
0.8500000000000001,-1219221760.0,-0.1250174939632415,-0.061568733304739,-0.1219200640916824,-0.0082526970654726,0.0533210606319717,-2778199228416.0,0.01,0.01,0.01,0.01,0.01,0.01,0.01,1.0,1.0,1.0,1.0,1.0,1.0,1.0,0.01,0.01,0.01,0.01,0.01,0.05332106,0.01,0.13355477,0.1268805,0.037216615,0.010000004,0.037093736,0.0765601,0.26082414,-0.2791279477004945,0.501305911550186
0.8600000000000001,-1219221760.0,-0.1079429760575294,-0.0285838283598423,-0.0902561470866203,-0.0139696188271045,-0.0534017811140412,-2778199228416.0,0.01,0.01,0.01,0.01,0.01,0.01,0.01,1.0,1.0,1.0,1.0,1.0,1.0,1.0,0.01,0.01,0.01,0.01,0.01,0.01,0.01,0.13355477,0.11194437,0.034350447,0.0100000035,0.034241363,0.06928502,0.26082414,-0.2717195659916637,0.9021437669848382
0.8700000000000001,-1219221760.0,-0.077364832162857,0.0080920439213514,-0.0634873583912849,-0.032447725534439,-0.1196735547797146,-2778199228416.0,0.01,0.01,0.01,0.01,0.01,0.01,0.01,1.0,1.0,1.0,1.0,1.0,1.0,1.0,0.01,0.01,0.01,0.01,0.01,0.01,0.01,0.13355477,0.0992872,0.03180342,0.0100000035,0.031706426,0.062556036,0.26082414,-0.2617444034250539,1.0462813575295022
0.8799999999999999,-1219221760.0,0.0719426290931469,0.0899653136730194,-0.0213855169713497,-0.0584006570279598,-0.1659657485812644,-2778199228416.0,0.01,0.01,0.01,0.01,0.01,0.01,0.01,1.0,1.0,1.0,1.0,1.0,1.0,1.0,0.01,0.07194263,0.08996531,0.01,0.01,0.01,0.01,0.13355477,0.09143147,0.071678035,0.010000003,0.029450297,0.05667898,0.26082414,-0.2512510478650238,1.021522577763779
0.8899999999999999,-1219221760.0,0.1992071269305503,-0.0174599904567003,-0.0049083232879638,-0.0833440870046615,-0.3068230512790252,-2778199228416.0,0.01,0.01,0.01,0.01,0.01,0.01,0.01,1.0,1.0,1.0,1.0,1.0,1.0,1.0,0.01,0.19920713,0.01,0.01,0.01,0.01,0.01,0.13355477,0.1396727,0.06637586,0.010000003,0.027442154,0.051535066,0.26082414,-0.2423079036649428,0.7367449298454267
0.8999999999999999,-1219221760.0,0.2906128325896097,0.0329254008829593,-0.0228566788136959,-0.0960779562592506,-0.3935551345348358,-2778199228416.0,0.01,0.01,0.01,0.01,0.01,0.01,0.01,1.0,1.0,1.0,1.0,1.0,1.0,1.0,0.01,0.29061285,0.0329254,0.01,0.01,0.01,0.01,0.13355477,0.20741336,0.06237921,0.010000003,0.025649933,0.04701105,0.26082414,-0.237711519818498,0.1880593649593442
0.91,-1219221760.0,0.2724239423030983,0.0560174286365509,-0.03718276694417,-0.0881765112280845,-0.3836539387702942,-2778199228416.0,0.01,0.01,0.01,0.01,0.01,0.01,0.01,1.0,1.0,1.0,1.0,1.0,1.0,1.0,0.01,0.27242395,0.05601743,0.01,0.01,0.01,0.01,0.13355477,0.24780487,0.061432958,0.010000003,0.024046559,0.043015473,0.26082414,-0.239593989340812,-0.500111447415012
0.92,-1219221760.0,0.1914346447948519,0.0318901389837265,-0.0635375306010246,-0.0602323450148105,-0.3578521013259887,-2778199228416.0,0.01,0.01,0.01,0.01,0.01,0.01,0.01,1.0,1.0,1.0,1.0,1.0,1.0,1.0,0.01,0.19143465,0.03189014,0.01,0.01,0.01,0.01,0.13355477,0.24522273,0.05838808,0.010000002,0.022614654,0.039488737,0.26082414,-0.2480060052592999,-1.087939828809125
0.93,-1219221760.0,0.1256043684480852,0.0007246810127981,-0.0964811444282531,-0.025634141638875,-0.326061338186264,-2778199228416.0,0.01,0.01,0.01,0.01,0.01,0.01,0.01,1.0,1.0,1.0,1.0,1.0,1.0,1.0,0.01,0.12560436,0.01,0.01,0.01,0.01,0.01,0.13355477,0.23004223,0.053230364,0.010000002,0.021333644,0.036366053,0.26082414,-0.2604586819727899,-1.3179450279949347
0.94,-1219221760.0,0.1005601393598309,-0.0415888950228691,-0.1435181349515915,0.0621843300759792,-0.1578225312288446,-2778199228416.0,0.01,0.01,0.01,0.01,0.01,0.01,0.01,1.0,1.0,1.0,1.0,1.0,1.0,1.0,0.01,0.100560136,0.01,0.01,0.06218433,0.01,0.01,0.13355477,0.21075709,0.048500367,0.010000002,0.04957966,0.033594932,0.26082414,-0.2733341274103665,-1.2092386068909902
0.95,-1219221760.0,-0.010980426390861,-0.0758236125111579,-0.166191279888153,-0.0497033670544624,0.0244904729203814,-2778199228416.0,0.01,0.01,0.01,0.01,0.01,0.01,0.01,1.0,1.0,1.0,1.0,1.0,1.0,1.0,0.01,0.01,0.01,0.01,0.01,0.024490474,0.01,0.13355477,0.18541494,0.044333134,0.010000002,0.04699436,0.03175511,0.26082414,-0.2833239653547723,-0.7852808301432691
0.96,-1219221760.0,-0.1362214833498001,-0.0880660489201545,-0.1582615077495575,-0.0073931152001023,0.142103461377631,-2778199228416.0,0.01,0.01,0.01,0.01,0.01,0.01,0.01,1.0,1.0,1.0,1.0,1.0,1.0,1.0,0.01,0.01,0.01,0.01,0.01,0.14210346,0.01,0.13355477,0.16051546,0.04065443,0.010000002,0.043005347,0.085412845,0.26082414,-0.2880464992040451,-0.1898514036769297
0.97,-1219221760.0,-0.1238949373364448,-0.073991060256958,-0.131940558552742,0.016743715852499,0.0463756656063896,-2778199228416.0,0.01,0.01,0.01,0.01,0.01,0.01,0.01,1.0,1.0,1.0,1.0,1.0,1.0,1.0,0.01,0.01,0.01,0.01,0.016743716,0.046375666,0.01,0.13355477,0.14002131,0.03739601,0.010000001,0.04016123,0.082675986,0.26082414,-0.2863402773008188,0.4528998376238402
0.98,-1219221760.0,-0.1076497808098793,-0.0398901961743831,-0.0976519137620925,0.0026114508509635,0.0071884981911993,-2778199228416.0,0.01,0.01,0.01,0.01,0.01,0.01,0.01,1.0,1.0,1.0,1.0,1.0,1.0,1.0,0.01,0.01,0.01,0.01,0.01,0.01,0.01,0.13355477,0.12299161,0.034510013,0.010000001,0.03701826,0.07693623,0.26082414,-0.2791732186037269,0.8962643887482874
0.99,-1219221760.0,-0.0753826051950454,-0.0033514238893985,-0.0696654915809631,-0.0213775094598531,-0.0866805292158052,-2778199228416.0,0.01,0.01,0.01,0.01,0.01,0.01,0.01,1.0,1.0,1.0,1.0,1.0,1.0,1.0,0.01,0.01,0.01,0.01,0.01,0.01,0.01,0.13355477,0.108659275,0.031945795,0.010000001,0.034174226,0.069211535,0.26082414,-0.269156704312384,1.0536399649590975
1.0,-1219221760.0,-0.0208016823658828,0.0765892565250396,-0.0263287797570228,-0.0460188165307045,-0.1387802040109977,-2778199228416.0,0.01,0.01,0.01,0.01,0.01,0.01,0.01,1.0,1.0,1.0,1.0,1.0,1.0,1.0,0.01,0.01,0.07658926,0.01,0.01,0.01,0.01,0.13355477,0.09647096,0.0626745,0.010000001,0.031643726,0.06248277,0.26082414,-0.258617464345534,1.0281540802148157
1.0099999999999998,-1219221760.0,0.1302836701684434,-0.0073938402347266,-0.0068616643548011,-0.0726651400327682,-0.2140274657901307,-2778199228416.0,0.01,0.01,0.01,0.01,0.01,0.01,0.01,1.0,1.0,1.0,1.0,1.0,1.0,1.0,0.01,0.13028367,0.01,0.01,0.01,0.01,0.01,0.13355477,0.1065295,0.059298072,0.010000001,0.029392852,0.056610033,0.26082414,-0.2493373427718122,0.8191601247002044
1.02,-1219221760.0,0.2145850538626083,0.0372957661747932,-0.0130449831485748,-0.0885563492774963,-0.3687630861107401,-2778199228416.0,0.01,0.01,0.01,0.01,0.01,0.01,0.01,1.0,1.0,1.0,1.0,1.0,1.0,1.0,0.01,0.21458505,0.037295766,0.01,0.01,0.01,0.01,0.13355477,0.15409835,0.056523643,0.010000001,0.027388245,0.05146677,0.26082414,-0.2431287150448239,0.4364052024075817
1.0299999999999998,-1219221760.0,0.3042291604510632,0.0672981888055801,-0.0361526422202587,-0.0884812623262405,-0.3860681056976318,-2778199228416.0,0.01,0.01,0.01,0.01,0.01,0.01,0.01,1.0,1.0,1.0,1.0,1.0,1.0,1.0,0.01,0.30422917,0.06729819,0.01,0.01,0.01,0.01,0.13355477,0.22708032,0.06357506,0.010000001,0.025600232,0.04694649,0.26082414,-0.2413313171399553,-0.0505027375596507
1.04,-1219221760.0,0.2338127741921553,0.0332122445106506,-0.0532322824001312,-0.07293551415205,-0.3695717453956604,-2778199228416.0,0.01,0.01,0.01,0.01,0.01,0.01,0.01,1.0,1.0,1.0,1.0,1.0,1.0,1.0,0.01,0.23381278,0.033212245,0.01,0.01,0.01,0.01,0.13355477,0.24426088,0.060821902,0.010000001,0.024002079,0.042958293,0.26082414,-0.2450711086852769,-0.640589766374422
1.0499999999999998,-1219221760.0,0.1659782510099261,0.0163816418498754,-0.0710305646061897,-0.0476118475198745,-0.3464941680431366,-2778199228416.0,0.01,0.01,0.01,0.01,0.01,0.01,0.01,1.0,1.0,1.0,1.0,1.0,1.0,1.0,0.01,0.16597825,0.016381642,0.01,0.01,0.01,0.01,0.13355477,0.23662472,0.056041382,0.010000001,0.02257501,0.039438523,0.26082414,-0.2541376703606845,-1.0834742684305458
1.06,-1219221760.0,0.1137129062333285,-0.0122198546305298,-0.108784794807434,-0.0060712732374668,-0.3061567544937134,-2778199228416.0,0.01,0.01,0.01,0.01,0.01,0.01,0.01,1.0,1.0,1.0,1.0,1.0,1.0,1.0,0.01,0.11371291,0.01,0.01,0.01,0.01,0.01,0.13355477,0.22005774,0.05102726,0.010000001,0.02129806,0.03632129,0.26082414,-0.2658257317373849,-1.195452170613548
1.0699999999999998,-1219221760.0,0.071033055002655,-0.0485430993139743,-0.1462670117616653,0.0686096996068954,-0.0876636522895976,-2778199228416.0,0.01,0.01,0.01,0.01,0.01,0.01,0.01,1.0,1.0,1.0,1.0,1.0,1.0,1.0,0.01,0.07103305,0.01,0.01,0.0686097,0.01,0.01,0.13355477,0.2004628,0.046562176,0.010000001,0.054068703,0.033555668,0.26082414,-0.2772348375786463,-1.0488832437566702
1.08,-1219221760.0,-0.0673961214257162,-0.0752491578459739,-0.1601085066795349,-0.0618047639727592,0.0724131672013569,-2778199228416.0,0.01,0.01,0.01,0.01,0.01,0.01,0.01,1.0,1.0,1.0,1.0,1.0,1.0,1.0,0.01,0.01,0.01,0.01,0.01,0.07241317,0.01,0.13355477,0.1735438,0.042625304,0.010000001,0.05110846,0.04893022,0.26082414,-0.2855609851075868,-0.6070162735517286
1.09,-1219221760.0,-0.1308504194021225,-0.0812519490718841,-0.1491884291172027,-0.0159364212304353,0.1065468288638068,-2778199228416.0,0.01,0.01,0.01,0.01,0.01,0.01,0.01,1.0,1.0,1.0,1.0,1.0,1.0,1.0,0.01,0.01,0.01,0.01,0.01,0.10654683,0.01,0.13355477,0.15077524,0.039142076,0.010000001,0.04663033,0.0737501,0.26082414,-0.2881729553461225,0.0392413088587785
1.1,-1219221760.0,-0.1208540275692939,-0.0613676160573959,-0.1200216710567474,-0.0015997197479009,0.0678898348784602,-2778199228416.0,0.01,0.01,0.01,0.01,0.01,0.01,0.01,1.0,1.0,1.0,1.0,1.0,1.0,1.0,0.01,0.01,0.01,0.01,0.01,0.06788983,0.01,0.13355477,0.13194425,0.036056295,0.010000001,0.042681288,0.0800388,0.26082414,-0.2843081603535261,0.6472088590833279
1.11,-1219221760.0,-0.0985692739486694,-0.0262792948633432,-0.086755059659481,-0.0112127875909209,-0.0351278983391598,-2778199228416.0,0.01,0.01,0.01,0.01,0.01,0.01,0.01,1.0,1.0,1.0,1.0,1.0,1.0,1.0,0.01,0.01,0.01,0.01,0.01,0.01,0.01,0.13355477,0.11620776,0.033319816,0.010000001,0.03919352,0.072903104,0.26082414,-0.2756189713523148,1.008451197055277
1.12,-1219221760.0,-0.0631842613220214,0.0212349407374858,-0.0544550530612468,-0.0311561450362205,-0.1176696836806436,-2778199228416.0,0.01,0.01,0.01,0.01,0.01,0.01,0.01,1.0,1.0,1.0,1.0,1.0,1.0,1.0,0.01,0.01,0.02123494,0.01,0.01,0.01,0.01,0.13355477,0.10290109,0.031954054,0.010000001,0.036102124,0.065702096,0.26082414,-0.2648232928887855,1.1119487901223626
1.13,-1219221760.0,0.0534024536156978,0.095222495496273,-0.0109442025423049,-0.0598643869161605,-0.1552232761602717,-2778199228416.0,0.01,0.01,0.01,0.01,0.01,0.01,0.01,1.0,1.0,1.0,1.0,1.0,1.0,1.0,0.01,0.053402454,0.095222495,0.01,0.01,0.01,0.01,0.13355477,0.093620986,0.075342014,0.01,0.03335885,0.05942694,0.26082414,-0.2537975785828184,1.0650909486073572
1.14,-1219221760.0,0.1800327725932251,-0.0207709725946187,-0.0014735385775566,-0.0841919034719467,-0.2802516800573387,-2778199228416.0,0.01,0.01,0.01,0.01,0.01,0.01,0.01,1.0,1.0,1.0,1.0,1.0,1.0,1.0,0.01,0.18003277,0.01,0.01,0.01,0.01,0.01,0.13355477,0.12921336,0.0702771,0.01,0.030922987,0.05394397,0.26082414,-0.2445002599065568,0.7697922864519443
1.15,-1219221760.0,0.2664671185901356,0.0326731353998184,-0.0193754844367504,-0.0960462689399719,-0.3981059789657593,-2778199228416.0,0.01,0.01,0.01,0.01,0.01,0.01,0.01,1.0,1.0,1.0,1.0,1.0,1.0,1.0,0.01,0.26646712,0.032673135,0.01,0.01,0.01,0.01,0.13355477,0.19064987,0.06576386,0.01,0.028754126,0.0491301,0.26082414,-0.2395472446995854,0.2335607722130464
1.16,-1219221760.0,0.2873495979488419,0.0588094629347324,-0.034723550081253,-0.0881726816296577,-0.3870254755020141,-2778199228416.0,0.01,0.01,0.01,0.01,0.01,0.01,0.01,1.0,1.0,1.0,1.0,1.0,1.0,1.0,0.01,0.2873496,0.058809463,0.01,0.01,0.01,0.01,0.13355477,0.24360439,0.06469598,0.01,0.02681596,0.044880453,0.26082414,-0.2407849444072392,-0.4083773933240778
1.17,-1219221760.0,0.2038638908864957,0.0369866415858268,-0.063712902367115,-0.0616155788302421,-0.3613067865371704,-2778199228416.0,0.01,0.01,0.01,0.01,0.01,0.01,0.01,1.0,1.0,1.0,1.0,1.0,1.0,1.0,0.01,0.20386389,0.03698664,0.01,0.01,0.01,0.01,0.13355477,0.2455932,0.061820466,0.01,0.025089446,0.041137233,0.26082414,-0.2481505460297953,-0.9801654748000412
1.1800000000000002,-1219221760.0,0.1364723398807323,0.0069094495847821,-0.0906111076474189,-0.0306123774498701,-0.3323643505573272,-2778199228416.0,0.01,0.01,0.01,0.01,0.01,0.01,0.01,1.0,1.0,1.0,1.0,1.0,1.0,1.0,0.01,0.13647234,0.01,0.01,0.01,0.01,0.01,0.13355477,0.23248132,0.056288943,0.01,0.02354745,0.03782678,0.26082414,-0.2596403245615528,-1.2321771776172994
1.19,-1219221760.0,0.1024588194781847,-0.031232776120305,-0.1354408711194992,0.0441671572625637,-0.2088840405635567,-2778199228416.0,0.01,0.01,0.01,0.01,0.01,0.01,0.01,1.0,1.0,1.0,1.0,1.0,1.0,1.0,0.01,0.10245882,0.01,0.01,0.044167157,0.01,0.01,0.13355477,0.21369338,0.051188663,0.01,0.03773933,0.034891903,0.26082414,-0.2717730082682312,-1.1492448814006917
1.2000000000000002,-1219221760.0,0.0141462884822045,-0.0643980205059051,-0.1593946814537048,-0.0203722156584262,-0.0043975456962107,-2778199228416.0,0.01,0.01,0.01,0.01,0.01,0.01,0.01,1.0,1.0,1.0,1.0,1.0,1.0,1.0,0.01,0.014146289,0.01,0.01,0.01,0.01,0.01,0.13355477,0.18937859,0.046701603,0.01,0.0356696,0.032284137,0.26082414,-0.2815443734117361,-0.8069891538061708
1.21,-1219221760.0,-0.1335904896259308,-0.0788693130016326,-0.1553713679313659,0.0271046347916126,0.1292887653376209,-2778199228416.0,0.01,0.01,0.01,0.01,0.01,0.01,0.01,1.0,1.0,1.0,1.0,1.0,1.0,1.0,0.01,0.01,0.01,0.01,0.027104635,0.12928876,0.01,0.13355477,0.16376518,0.042741533,0.01,0.03453702,0.077917345,0.26082414,-0.2872265435732831,-0.3659344797500943
1.2200000000000002,-1219221760.0,-0.1233051940798759,-0.0721494629979133,-0.1358353495597839,0.0316902846097946,0.0668312308167511,-2778199228416.0,0.01,0.01,0.01,0.01,0.01,0.01,0.01,1.0,1.0,1.0,1.0,1.0,1.0,1.0,0.01,0.01,0.01,0.01,0.031690285,0.06683123,0.01,0.13355477,0.14269407,0.039242145,0.01,0.034212314,0.07748685,0.26082414,-0.2880382470409392,0.151131692687264
1.23,-1219221760.0,-0.114700362086296,-0.0487875416874885,-0.1092097610235214,0.0053430162370204,0.0372448429830098,-2778199228416.0,0.01,0.01,0.01,0.01,0.01,0.01,0.01,1.0,1.0,1.0,1.0,1.0,1.0,1.0,0.01,0.01,0.01,0.01,0.01,0.03724484,0.01,0.13355477,0.12521207,0.03614589,0.01,0.03190607,0.07609837,0.26082414,-0.2839799115741307,0.5925813460047594
1.2400000000000002,-1219221760.0,-0.0936740264296531,-0.0205482617020607,-0.084176018834114,-0.0137669723480939,-0.0626020588988923,-2778199228416.0,0.01,0.01,0.01,0.01,0.01,0.01,0.01,1.0,1.0,1.0,1.0,1.0,1.0,1.0,0.01,0.01,0.01,0.01,0.01,0.01,0.01,0.13355477,0.11053489,0.033399485,0.01,0.0296289,0.06875053,0.26082414,-0.2765481401451414,0.8372716029041214
1.25,-1219221760.0,-0.058802331306427,0.0229704193770885,-0.0578498914837837,-0.0331026352941989,-0.1195756407105022,-2778199228416.0,0.01,0.01,0.01,0.01,0.01,0.01,0.01,1.0,1.0,1.0,1.0,1.0,1.0,1.0,0.01,0.01,0.02297042,0.01,0.01,0.01,0.01,0.13355477,0.098066784,0.032191552,0.01,0.027597109,0.062080454,0.26082414,-0.2676580256906263,0.9145384851771804
1.2599999999999998,-1219221760.0,0.1068514425929595,0.0727451294660568,-0.0266881585121154,-0.0563461855053901,-0.1832549340895397,-2778199228416.0,0.01,0.01,0.01,0.01,0.01,0.01,0.01,1.0,1.0,1.0,1.0,1.0,1.0,1.0,0.01,0.10685144,0.07274513,0.01,0.01,0.01,0.01,0.13355477,0.09770665,0.059991207,0.01,0.025786089,0.056260403,0.26082414,-0.2585082628286946,0.8934121558666699
1.27,-1219221760.0,0.2169403024138144,-0.0074565657414495,-0.0159426368772983,-0.0777388960123062,-0.3392548525658754,-2778199228416.0,0.01,0.01,0.01,0.01,0.01,0.01,0.01,1.0,1.0,1.0,1.0,1.0,1.0,1.0,0.01,0.2169403,0.01,0.01,0.01,0.01,0.01,0.13355477,0.15144192,0.056069374,0.01,0.024170775,0.051166173,0.26082414,-0.250665337220954,0.647597950214976
1.2799999999999998,-1219221760.0,0.2990908687249911,0.0305434986948966,-0.0227704346179962,-0.0885225757956504,-0.3805898129940033,-2778199228416.0,0.01,0.01,0.01,0.01,0.01,0.01,0.01,1.0,1.0,1.0,1.0,1.0,1.0,1.0,0.01,0.29909086,0.030543499,0.01,0.01,0.01,0.01,0.13355477,0.2219464,0.053058475,0.01,0.022726217,0.04668468,0.26082414,-0.246708596654046,0.1463278492669213
1.29,-1219221760.0,0.2478507627766677,0.0473923496901989,-0.0431592687964439,-0.0808029398322105,-0.3717921078205108,-2778199228416.0,0.01,0.01,0.01,0.01,0.01,0.01,0.01,1.0,1.0,1.0,1.0,1.0,1.0,1.0,0.01,0.24785076,0.04739235,0.01,0.01,0.01,0.01,0.13355477,0.24493976,0.052294374,0.01,0.021433331,0.04273183,0.26082414,-0.2487821052849324,-0.5137822061997617
1.3000000000000005,-1219221760.0,0.1779907192021838,0.0206546373665332,-0.0678316354751586,-0.0545491352677345,-0.349466472864151,-2778199228416.0,0.01,0.01,0.01,0.01,0.01,0.01,0.01,1.0,1.0,1.0,1.0,1.0,1.0,1.0,0.01,0.17799072,0.020654637,0.01,0.01,0.01,0.01,0.13355477,0.23933625,0.049087487,0.01,0.02027571,0.039238308,0.26082414,-0.2571385586307671,-1.0638759500860546
1.31,-1219221760.0,0.1199862993143205,-0.0081219775602221,-0.1038131415843963,-0.0206468701362609,-0.3170243799686432,-2778199228416.0,0.01,0.01,0.01,0.01,0.01,0.01,0.01,1.0,1.0,1.0,1.0,1.0,1.0,1.0,0.01,0.119986296,0.01,0.01,0.01,0.01,0.01,0.13355477,0.22359003,0.04495161,0.01,0.019238379,0.036143824,0.26082414,-0.2691550053738684,-1.2616549211397845
1.3199999999999998,-1219221760.0,0.0752012331900646,-0.0490310415625572,-0.1467992067337036,0.0609542876482009,-0.1027264282288173,-2778199228416.0,0.01,0.01,0.01,0.01,0.01,0.01,0.01,1.0,1.0,1.0,1.0,1.0,1.0,1.0,0.01,0.075201236,0.01,0.01,0.060954288,0.01,0.01,0.13355477,0.20374663,0.04120151,0.01,0.04827013,0.03339774,0.26082414,-0.2814125484428665,-1.1463479247175103
1.33,-1219221760.0,-0.0627571547838488,-0.0819734781980514,-0.1659531593322754,-0.0574212744832038,0.0756029963905645,-2778199228416.0,0.01,0.01,0.01,0.01,0.01,0.01,0.01,1.0,1.0,1.0,1.0,1.0,1.0,1.0,0.01,0.01,0.01,0.01,0.01,0.07560299,0.01,0.13355477,0.17642723,0.03788434,0.01,0.04588329,0.05022596,0.26082414,-0.2908156247676662,-0.7207510529451884
1.34,-1219221760.0,-0.1354541629552841,-0.0929649993777275,-0.1573568731546402,-0.0126450648531317,0.1057392783955664,-2778199228416.0,0.01,0.01,0.01,0.01,0.01,0.01,0.01,1.0,1.0,1.0,1.0,1.0,1.0,1.0,0.01,0.01,0.01,0.01,0.01,0.10573928,0.01,0.13355477,0.15314397,0.03494135,0.01,0.042022463,0.07398823,0.26082414,-0.2945178200021313,-0.0603190124944935
1.35,-1219221760.0,-0.1256539672613144,-0.0751163065433502,-0.1283794790506363,0.0056711137294769,0.0787921031314395,-2778199228416.0,0.01,0.01,0.01,0.01,0.01,0.01,0.01,1.0,1.0,1.0,1.0,1.0,1.0,1.0,0.01,0.01,0.01,0.01,0.01,0.0787921,0.01,0.13355477,0.133895,0.032325663,0.01,0.03860576,0.08452866,0.26082414,-0.2913960268567091,0.5901777632991241
1.36,-1219221760.0,-0.1054000407457351,-0.0374638885259628,-0.0926380828022956,-0.0050312522798776,-0.0296516607746918,-2778199228416.0,0.01,0.01,0.01,0.01,0.01,0.01,0.01,1.0,1.0,1.0,1.0,1.0,1.0,1.0,0.01,0.01,0.01,0.01,0.01,0.01,0.01,0.13355477,0.117850155,0.03000263,0.01,0.035583124,0.077164575,0.26082414,-0.2829689544650267,1.0098822416166464
1.37,-1219221760.0,-0.0692262724041938,0.0048314034938812,-0.0615743696689605,-0.0272738318890333,-0.1126637142588621,-2778199228416.0,0.01,0.01,0.01,0.01,0.01,0.01,0.01,1.0,1.0,1.0,1.0,1.0,1.0,1.0,0.01,0.01,0.01,0.01,0.01,0.01,0.01,0.13355477,0.104296595,0.02793211,0.01,0.03289817,0.06940483,0.26082414,-0.2719130211948401,1.1545332582202084
1.38,-1219221760.0,0.0538060780988166,0.1005596667528152,-0.012853518128395,-0.0567667484283447,-0.152232748834721,-2778199228416.0,0.01,0.01,0.01,0.01,0.01,0.01,0.01,1.0,1.0,1.0,1.0,1.0,1.0,1.0,0.01,0.053806078,0.10055967,0.01,0.01,0.01,0.01,0.13355477,0.094854124,0.07784808,0.01,0.030510938,0.06265826,0.26082414,-0.2603338949339945,1.1266740219199762
1.39,-1219221760.0,0.1847971451471073,-0.0428635701537132,0.0007223039865493,-0.0844898521900177,-0.2792469470925857,-2778199228416.0,0.01,0.01,0.01,0.01,0.01,0.01,0.01,1.0,1.0,1.0,1.0,1.0,1.0,1.0,0.01,0.18479714,0.01,0.01,0.01,0.01,0.01,0.13355477,0.13236181,0.07252165,0.01,0.028387265,0.056774374,0.26082414,-0.2504713492416537,0.8156152047020446
1.4,-1219221760.0,0.2697529294434142,0.0220312643796205,-0.0107098147273063,-0.0985300689935684,-0.3969314694404602,-2778199228416.0,0.01,0.01,0.01,0.01,0.01,0.01,0.01,1.0,1.0,1.0,1.0,1.0,1.0,1.0,0.01,0.26975292,0.022031264,0.01,0.01,0.01,0.01,0.13355477,0.19374077,0.06662997,0.01,0.026493315,0.051616997,0.26082414,-0.2453116208488913,0.2281754458367779
1.41,-1219221760.0,0.2898897883959571,0.051456831395626,-0.0384278334677219,-0.0899016857147216,-0.3854362964630127,-2778199228416.0,0.01,0.01,0.01,0.01,0.01,0.01,0.01,1.0,1.0,1.0,1.0,1.0,1.0,1.0,0.01,0.28988978,0.05145683,0.01,0.01,0.01,0.01,0.13355477,0.24667233,0.06458791,0.01,0.02479743,0.047067598,0.26082414,-0.2469496436554271,-0.4650870063868375
1.42,-1219221760.0,0.2033720486414936,0.0322381593286991,-0.0648102536797523,-0.0602507144212722,-0.3576325178146362,-2778199228416.0,0.01,0.01,0.01,0.01,0.01,0.01,0.01,1.0,1.0,1.0,1.0,1.0,1.0,1.0,0.01,0.20337205,0.03223816,0.01,0.01,0.01,0.01,0.13355477,0.24728024,0.061149687,0.01,0.023286132,0.04306966,0.26082414,-0.2549927354910544,-1.051118057889408
1.4300000000000002,-1219221760.0,0.1341811481249666,0.0015384668949991,-0.0995646566152572,-0.0266435388475656,-0.3264760375022888,-2778199228416.0,0.01,0.01,0.01,0.01,0.01,0.01,0.01,1.0,1.0,1.0,1.0,1.0,1.0,1.0,0.01,0.13418114,0.01,0.01,0.01,0.01,0.01,0.13355477,0.23350675,0.05565794,0.01,0.021934602,0.03953738,0.26082414,-0.2671039979936897,-1.284798564476772
1.44,-1219221760.0,0.0992307457438614,-0.0395704433321952,-0.1448207646608352,0.055302407592535,-0.1882044380099964,-2778199228416.0,0.01,0.01,0.01,0.01,0.01,0.01,0.01,1.0,1.0,1.0,1.0,1.0,1.0,1.0,0.01,0.099230744,0.01,0.01,0.055302408,0.01,0.01,0.13355477,0.21399821,0.050633717,0.01,0.044980027,0.03640867,0.26082414,-0.2796362949622782,-1.176595726344017
1.4500000000000002,-1219221760.0,0.004744131612944,-0.0733961462974548,-0.166491687297821,-0.0356443636119365,0.0118856469303964,-2778199228416.0,0.01,0.01,0.01,0.01,0.01,0.01,0.01,1.0,1.0,1.0,1.0,1.0,1.0,1.0,0.01,0.01,0.01,0.01,0.01,0.011885647,0.01,0.13355477,0.1887696,0.0462136,0.01,0.04265313,0.03371397,0.26082414,-0.2894396746519574,-0.7829584900886413
1.46,-1219221760.0,-0.1359419077634811,-0.086360365152359,-0.159208282828331,0.0015435293316841,0.1406188284295522,-2778199228416.0,0.01,0.01,0.01,0.01,0.01,0.01,0.01,1.0,1.0,1.0,1.0,1.0,1.0,1.0,0.01,0.01,0.01,0.01,0.01,0.14061883,0.01,0.13355477,0.16324809,0.04231568,0.01,0.03916819,0.08531525,0.26082414,-0.2944341364674293,-0.2447284314911892
1.4700000000000002,-1219221760.0,-0.124103657901287,-0.0751328468322753,-0.1352745145559311,0.0268922671675682,0.0625428199663013,-2778199228416.0,0.01,0.01,0.01,0.01,0.01,0.01,0.01,1.0,1.0,1.0,1.0,1.0,1.0,1.0,0.01,0.01,0.01,0.01,0.026892267,0.06254282,0.01,0.13355477,0.14225541,0.03886409,0.01,0.037775494,0.08381558,0.26082414,-0.2935389458643623,0.3480907009085711
1.48,-1219221760.0,-0.1102018281817436,-0.0447695478796958,-0.1034260019659996,0.0052475202828645,0.0280220111951738,-2778199228416.0,0.01,0.01,0.01,0.01,0.01,0.01,0.01,1.0,1.0,1.0,1.0,1.0,1.0,1.0,0.01,0.01,0.01,0.01,0.01,0.028022012,0.01,0.13355477,0.1248562,0.035811964,0.01,0.035000674,0.080072165,0.26082414,-0.2874992100507735,0.7828274085528373
1.4900000000000002,-1219221760.0,-0.0821195617318153,-0.0123397968709468,-0.0778310224413871,-0.0165432281792163,-0.0706095793995156,-2778199228416.0,0.01,0.01,0.01,0.01,0.01,0.01,0.01,1.0,1.0,1.0,1.0,1.0,1.0,1.0,0.01,0.01,0.01,0.01,0.01,0.01,0.01,0.13355477,0.11023394,0.03310279,0.01,0.032381866,0.07210956,0.26082414,-0.2784805651696131,0.966509460550238
1.5,-1219221760.0,-0.0335299796722542,0.0530676767230033,-0.0410815216600894,-0.0378407165408134,-0.1269393901718483,-2778199228416.0,0.01,0.01,0.01,0.01,0.01,0.01,0.01,1.0,1.0,1.0,1.0,1.0,1.0,1.0,0.01,0.01,0.053067677,0.01,0.01,0.01,0.01,0.13355477,0.097816005,0.04650667,0.01,0.030049952,0.065007985,0.26082414,-0.2686180291619713,0.9800311995855516
1.5099999999999998,-1219221760.0,0.1247165787856657,0.0104987490922212,-0.0157398283481597,-0.0636635273694992,-0.2002853747611869,-2778199228416.0,0.01,0.01,0.01,0.01,0.01,0.01,0.01,1.0,1.0,1.0,1.0,1.0,1.0,1.0,0.01,0.12471658,0.010498749,0.01,0.01,0.01,0.01,0.13355477,0.1048369,0.043814797,0.01,0.02797292,0.05881684,0.26082414,-0.259388943535273,0.8586146857014857
1.52,-1219221760.0,0.2177871663966523,0.0740974694490432,-0.0157251209020614,-0.0816027671098709,-0.3564828893114536,-2778199228416.0,0.01,0.01,0.01,0.01,0.01,0.01,0.01,1.0,1.0,1.0,1.0,1.0,1.0,1.0,0.01,0.21778716,0.07409747,0.01,0.01,0.01,0.01,0.13355477,0.154832,0.06387251,0.01,0.026123675,0.053409338,0.26082414,-0.2520873568916456,0.5869040361230103
1.5299999999999998,-1219221760.0,0.3056053522769894,0.0176065266132354,-0.026226095855236,-0.0875671207904815,-0.3811667859554291,-2778199228416.0,0.01,0.01,0.01,0.01,0.01,0.01,0.01,1.0,1.0,1.0,1.0,1.0,1.0,1.0,0.01,0.30560535,0.017606527,0.01,0.01,0.01,0.01,0.13355477,0.22860499,0.059953734,0.01,0.024471737,0.04865831,0.26082414,-0.2487834816596734,0.0766089476298805
1.54,-1219221760.0,0.2400804563819392,0.0348643027245998,-0.0470013618469238,-0.0768169164657592,-0.369442880153656,-2778199228416.0,0.01,0.01,0.01,0.01,0.01,0.01,0.01,1.0,1.0,1.0,1.0,1.0,1.0,1.0,0.01,0.24008046,0.034864303,0.01,0.01,0.01,0.01,0.13355477,0.24689423,0.057001673,0.01,0.02299438,0.044471398,0.26082414,-0.251650262944813,-0.5925612433899718
1.5500000000000005,-1219221760.0,0.1716090130934108,0.0178626589477062,-0.0714472010731697,-0.0489965640008449,-0.3460729718208313,-2778199228416.0,0.01,0.01,0.01,0.01,0.01,0.01,0.01,1.0,1.0,1.0,1.0,1.0,1.0,1.0,0.01,0.17160901,0.017862659,0.01,0.01,0.01,0.01,0.13355477,0.23968445,0.052846644,0.01,0.021673527,0.040777087,0.26082414,-0.2606499895357241,-1.1093795938569524
1.56,-1219221760.0,0.1163287308420047,-0.0115723786875605,-0.1105528771877288,-0.0118571668863296,-0.3091157078742981,-2778199228416.0,0.01,0.01,0.01,0.01,0.01,0.01,0.01,1.0,1.0,1.0,1.0,1.0,1.0,1.0,0.01,0.11632873,0.01,0.01,0.01,0.01,0.01,0.13355477,0.2229902,0.048230175,0.01,0.020491028,0.03750811,0.26082414,-0.2728162197788577,-1.2536745343262077
1.5699999999999998,-1219221760.0,0.0656036160838225,-0.0519075319170951,-0.1512391865253448,0.0702932476997375,-0.0769301814996172,-2778199228416.0,0.01,0.01,0.01,0.01,0.01,0.01,0.01,1.0,1.0,1.0,1.0,1.0,1.0,1.0,0.01,0.065603614,0.01,0.01,0.07029325,0.01,0.01,0.13355477,0.20252575,0.044096407,0.01,0.05504183,0.034609172,0.26082414,-0.2847759998367016,-1.0981645661844477
1.58,-1219221760.0,-0.0785028662755353,-0.082108587026596,-0.166394904255867,-0.0636946707963943,0.0918533678357452,-2778199228416.0,0.01,0.01,0.01,0.01,0.01,0.01,0.01,1.0,1.0,1.0,1.0,1.0,1.0,1.0,0.01,0.01,0.01,0.01,0.01,0.091853365,0.01,0.13355477,0.17513038,0.04044724,0.01,0.051973067,0.058168285,0.26082414,-0.2934502632842228,-0.623721920783316
1.59,-1219221760.0,-0.1333542466163635,-0.0892841964960098,-0.1543091833591461,-0.0136780822649598,0.1016357000716444,-2778199228416.0,0.01,0.01,0.01,0.01,0.01,0.01,0.01,1.0,1.0,1.0,1.0,1.0,1.0,1.0,0.01,0.01,0.01,0.01,0.01,0.1016357,0.01,0.13355477,0.1520979,0.037215352,0.01,0.04739415,0.07630151,0.26082414,-0.2959653265795535,0.0788957927186781
1.6,-1219221760.0,-0.1223190873861312,-0.067738153040409,-0.1229417920112609,0.0001503676176071,0.0735551950148595,-2778199228416.0,0.01,0.01,0.01,0.01,0.01,0.01,0.01,1.0,1.0,1.0,1.0,1.0,1.0,1.0,0.01,0.01,0.01,0.01,0.01,0.073555194,0.01,0.13355477,0.13306078,0.034348696,0.01,0.04335785,0.08471916,0.26082414,-0.2914775827318955,0.7292632847994704
1.61,-1219221760.0,-0.097585529088974,-0.0299540199339389,-0.0880993008613586,-0.0105189410969614,-0.0383951017279321,-2778199228416.0,0.01,0.01,0.01,0.01,0.01,0.01,0.01,1.0,1.0,1.0,1.0,1.0,1.0,1.0,0.01,0.01,0.01,0.01,0.01,0.01,0.01,0.13355477,0.11714893,0.031802483,0.01,0.039792467,0.07677164,0.26082414,-0.2819126441456412,1.0966829689036448
1.62,-1219221760.0,-0.0580980405211448,0.0253129564225673,-0.0498867817223072,-0.0327617563307285,-0.1190221301083072,-2778199228416.0,0.01,0.01,0.01,0.01,0.01,0.01,0.01,1.0,1.0,1.0,1.0,1.0,1.0,1.0,0.01,0.01,0.025312956,0.01,0.01,0.01,0.01,0.13355477,0.1036906,0.030997135,0.01,0.036631484,0.06905818,0.26082414,-0.2702855068506811,1.1914353215181666
1.63,-1219221760.0,0.0757217097852288,0.0987022668123245,-0.0039514899253845,-0.0635380372405052,-0.1657236960668741,-2778199228416.0,0.01,0.01,0.01,0.01,0.01,0.01,0.01,1.0,1.0,1.0,1.0,1.0,1.0,1.0,0.01,0.07572171,0.09870227,0.01,0.01,0.01,0.01,0.13355477,0.09534908,0.07741914,0.01,0.033828907,0.062354654,0.26082414,-0.2585206616553683,1.1322942192509675
1.64,-1219221760.0,0.1988780722298009,-0.026739165186882,0.0022368803620338,-0.088616207242012,-0.3005484823901456,-2778199228416.0,0.01,0.01,0.01,0.01,0.01,0.01,0.01,1.0,1.0,1.0,1.0,1.0,1.0,1.0,0.01,0.19887808,0.01,0.01,0.01,0.01,0.01,0.13355477,0.14067274,0.071650945,0.01,0.031341776,0.056509778,0.26082414,-0.2487591245774852,0.7900892847796873
1.65,-1219221760.0,0.2872425931528706,0.0314284712076187,-0.0111680328845977,-0.0996493697166442,-0.3991033434867859,-2778199228416.0,0.01,0.01,0.01,0.01,0.01,0.01,0.01,1.0,1.0,1.0,1.0,1.0,1.0,1.0,0.01,0.2872426,0.03142847,0.01,0.01,0.01,0.01,0.13355477,0.2064265,0.06685083,0.01,0.029127205,0.051384527,0.26082414,-0.2440184888907879,0.1740043935957928
1.66,-1219221760.0,0.2829364759640892,0.056737657636404,-0.0422745458781719,-0.0883649885654449,-0.3857284784317016,-2778199228416.0,0.01,0.01,0.01,0.01,0.01,0.01,0.01,1.0,1.0,1.0,1.0,1.0,1.0,1.0,0.01,0.28293648,0.056737658,0.01,0.01,0.01,0.01,0.13355477,0.251337,0.06541914,0.01,0.027148452,0.046865657,0.26082414,-0.2462738109528948,-0.536303557272466
1.67,-1219221760.0,0.1983697163515763,0.031426228582859,-0.0654568895697593,-0.0570799149572849,-0.3562123775482178,-2778199228416.0,0.01,0.01,0.01,0.01,0.01,0.01,0.01,1.0,1.0,1.0,1.0,1.0,1.0,1.0,0.01,0.19836971,0.03142623,0.01,0.01,0.01,0.01,0.13355477,0.24934202,0.06182938,0.01,0.025386909,0.04289211,0.26082414,-0.2549450649215555,-1.1008323604823738
1.6800000000000002,-1219221760.0,0.1298675097540234,-0.0007150535238906,-0.1029097884893417,-0.0213527251034975,-0.323154866695404,-2778199228416.0,0.01,0.01,0.01,0.01,0.01,0.01,0.01,1.0,1.0,1.0,1.0,1.0,1.0,1.0,0.01,0.12986751,0.01,0.01,0.01,0.01,0.01,0.13355477,0.23418984,0.05622909,0.01,0.023813808,0.039381456,0.26082414,-0.2672601662810568,-1.281250426681117
1.69,-1219221760.0,0.1012934072181911,-0.0423932932317256,-0.1472822427749633,0.0641485750675201,-0.1574391780117443,-2778199228416.0,0.01,0.01,0.01,0.01,0.01,0.01,0.01,1.0,1.0,1.0,1.0,1.0,1.0,1.0,0.01,0.10129341,0.01,0.01,0.064148575,0.01,0.01,0.13355477,0.2144703,0.051136103,0.01,0.05164993,0.03627089,0.26082414,-0.279511159523172,-1.1277959426057445
1.7000000000000002,-1219221760.0,-0.0099171326498659,-0.073850467801094,-0.1654146909713745,-0.0403406918048858,0.0277217367258721,-2778199228416.0,0.01,0.01,0.01,0.01,0.01,0.01,0.01,1.0,1.0,1.0,1.0,1.0,1.0,1.0,0.01,0.01,0.01,0.01,0.01,0.027721737,0.01,0.13355477,0.18857855,0.04665578,0.01,0.048831657,0.0342766,0.26082414,-0.2885692656693413,-0.6878502529450644
1.71,-1219221760.0,-0.1313070952892303,-0.0829388126730918,-0.1547771990299224,-0.0027697831392288,0.1432025660871025,-2778199228416.0,0.01,0.01,0.01,0.01,0.01,0.01,0.01,1.0,1.0,1.0,1.0,1.0,1.0,1.0,0.01,0.01,0.01,0.01,0.01,0.14320257,0.01,0.13355477,0.16307627,0.042704523,0.01,0.044624254,0.08720861,0.26082414,-0.2923673156123998,-0.1120428810303453
1.7200000000000002,-1219221760.0,-0.1189335510134697,-0.0673569813370704,-0.1280093640089035,0.0173219088464975,0.0521977740808674,-2778199228416.0,0.01,0.01,0.01,0.01,0.01,0.01,0.01,1.0,1.0,1.0,1.0,1.0,1.0,1.0,0.01,0.01,0.01,0.01,0.017321909,0.052197773,0.01,0.13355477,0.14214648,0.039211825,0.01,0.04165325,0.08514704,0.26082414,-0.290156707291435,0.4812660758129776
1.73,-1219221760.0,-0.1012067347764968,-0.0344804972410202,-0.0956734865903854,0.0027760621160268,0.0065250274254917,-2778199228416.0,0.01,0.01,0.01,0.01,0.01,0.01,0.01,1.0,1.0,1.0,1.0,1.0,1.0,1.0,0.01,0.01,0.01,0.01,0.01,0.01,0.01,0.13355477,0.124767855,0.036120653,0.01,0.03834524,0.07913581,0.26082414,-0.2829765345770805,0.8763271388109973
1.7400000000000002,-1219221760.0,-0.0696644559502601,0.0014627445489168,-0.0691933929920196,-0.0197641737759113,-0.0861635090323361,-2778199228416.0,0.01,0.01,0.01,0.01,0.01,0.01,0.01,1.0,1.0,1.0,1.0,1.0,1.0,1.0,0.01,0.01,0.01,0.01,0.01,0.01,0.01,0.13355477,0.11015541,0.033376474,0.01,0.035351157,0.07111682,0.26082414,-0.2733053549409686,1.011484877017252
1.75,-1219221760.0,-0.0030064826940577,0.0798663944005966,-0.0287039242684841,-0.0429266914725303,-0.1351973480557122,-2778199228416.0,0.01,0.01,0.01,0.01,0.01,0.01,0.01,1.0,1.0,1.0,1.0,1.0,1.0,1.0,0.01,0.01,0.079866394,0.01,0.01,0.01,0.01,0.13355477,0.09775113,0.065301865,0.01,0.032690745,0.06414502,0.26082414,-0.2631886378620283,0.9867503748995166
1.7599999999999998,-1219221760.0,0.145972826379285,-0.0088050682097673,-0.0111893862485885,-0.0678164288401603,-0.2234715475882672,-2778199228416.0,0.01,0.01,0.01,0.01,0.01,0.01,0.01,1.0,1.0,1.0,1.0,1.0,1.0,1.0,0.01,0.14597283,0.01,0.01,0.01,0.01,0.01,0.13355477,0.11391025,0.06154311,0.01,0.030325348,0.05806489,0.26082414,-0.2542971138285553,0.780677774230277
1.77,-1219221760.0,0.2280650148405115,0.0348380804061889,-0.0169113054871559,-0.0826566070318222,-0.3816628443429819,-2778199228416.0,0.01,0.01,0.01,0.01,0.01,0.01,0.01,1.0,1.0,1.0,1.0,1.0,1.0,1.0,0.01,0.22806501,0.03483808,0.01,0.01,0.01,0.01,0.13355477,0.16431767,0.058271404,0.01,0.028220149,0.05274526,0.26082414,-0.2485201179038935,0.3850304525447486
1.7799999999999998,-1219221760.0,0.3068671150122327,0.0636213570833206,-0.0342288240790367,-0.0820168405771255,-0.3797547817230224,-2778199228416.0,0.01,0.01,0.01,0.01,0.01,0.01,0.01,1.0,1.0,1.0,1.0,1.0,1.0,1.0,0.01,0.30686712,0.06362136,0.01,0.01,0.01,0.01,0.13355477,0.23567773,0.061713308,0.01,0.026340993,0.048067003,0.26082414,-0.2474038643395407,-0.1235889894711956
1.79,-1219221760.0,0.2245414639055127,0.0344631224870681,-0.056182786822319,-0.0653975009918212,-0.3621685802936554,-2778199228416.0,0.01,0.01,0.01,0.01,0.01,0.01,0.01,1.0,1.0,1.0,1.0,1.0,1.0,1.0,0.01,0.22454147,0.034463122,0.01,0.01,0.01,0.01,0.13355477,0.24787794,0.059132632,0.01,0.024663655,0.04394649,0.26082414,-0.2518611126995515,-0.7021721884480716
1.8000000000000005,-1219221760.0,0.1568531440674801,0.0123523315414786,-0.0778404250741005,-0.040991086512804,-0.3395605087280273,-2778199228416.0,0.01,0.01,0.01,0.01,0.01,0.01,0.01,1.0,1.0,1.0,1.0,1.0,1.0,1.0,0.01,0.15685314,0.012352332,0.01,0.01,0.01,0.01,0.13355477,0.23813751,0.054154325,0.01,0.023166705,0.040312745,0.26082414,-0.2612783042041275,-1.0939351164325375
1.81,-1219221760.0,0.1105668172985039,-0.0169303752481937,-0.1188449114561081,0.0059540718793869,-0.2853080994378656,-2778199228416.0,0.01,0.01,0.01,0.01,0.01,0.01,0.01,1.0,1.0,1.0,1.0,1.0,1.0,1.0,0.01,0.11056682,0.01,0.01,0.01,0.01,0.01,0.13355477,0.22045825,0.049334254,0.01,0.021827439,0.037095577,0.26082414,-0.2728229012111085,-1.164736607456757
1.82,-1219221760.0,0.0524707415624763,-0.0526941642165184,-0.1512898653745651,0.0737647861242294,-0.0503646960118611,-2778199228416.0,0.01,0.01,0.01,0.01,0.01,0.01,0.01,1.0,1.0,1.0,1.0,1.0,1.0,1.0,0.01,0.05247074,0.01,0.01,0.073764786,0.01,0.01,0.13355477,0.19922082,0.045070678,0.01,0.057848994,0.034243394,0.26082414,-0.2838106524976188,-0.9976082540701297
1.83,-1219221760.0,-0.0973644379895207,-0.0777862668037414,-0.1609898805618286,-0.0646342188119888,0.1056812085580167,-2778199228416.0,0.01,0.01,0.01,0.01,0.01,0.01,0.01,1.0,1.0,1.0,1.0,1.0,1.0,1.0,0.01,0.01,0.01,0.01,0.01,0.10568121,0.01,0.13355477,0.17229454,0.041307837,0.01,0.054561812,0.06465073,0.26082414,-0.2914924908684571,-0.528127402737798
1.84,-1219221760.0,-0.1284583061933517,-0.0815175920724868,-0.1476278305053711,-0.015400256961584,0.0929436052134578,-2778199228416.0,0.01,0.01,0.01,0.01,0.01,0.01,0.01,1.0,1.0,1.0,1.0,1.0,1.0,1.0,0.01,0.01,0.01,0.01,0.01,0.09294361,0.01,0.13355477,0.14977849,0.037978724,0.01,0.049672715,0.07604692,0.26082414,-0.2931133357656011,0.1640755133503269
1.85,-1219221760.0,-0.1180485561490058,-0.0588321313261985,-0.1168409213423729,-0.0044585550203919,0.0619300422266504,-2778199228416.0,0.01,0.01,0.01,0.01,0.01,0.01,0.01,1.0,1.0,1.0,1.0,1.0,1.0,1.0,0.01,0.01,0.01,0.01,0.01,0.06193004,0.01,0.13355477,0.1311372,0.035026874,0.01,0.045368463,0.08200683,0.26082414,-0.2879388374474649,0.7827581019464108
1.86,-1219221760.0,-0.091280773282051,-0.0232983790338039,-0.08436930924654,-0.0152257177978754,-0.0514114044326541,-2778199228416.0,0.01,0.01,0.01,0.01,0.01,0.01,0.01,1.0,1.0,1.0,1.0,1.0,1.0,1.0,0.01,0.01,0.01,0.01,0.01,0.01,0.01,0.13355477,0.11553549,0.032405913,0.01,0.041570805,0.07406938,0.26082414,-0.2780769055069146,1.108585983782703
1.87,-1219221760.0,-0.0529949143528938,0.040545180439949,-0.0430423505604267,-0.0385382063686847,-0.1258083992193927,-2778199228416.0,0.01,0.01,0.01,0.01,0.01,0.01,0.01,1.0,1.0,1.0,1.0,1.0,1.0,1.0,0.01,0.01,0.04054518,0.01,0.01,0.01,0.01,0.13355477,0.10233022,0.03790764,0.01,0.038208343,0.06671585,0.26082414,-0.2664815549145869,1.1720798004380353
1.88,-1219221760.0,0.0947523133787601,0.0486598499119281,-0.0025456696748733,-0.0675554499030113,-0.1789593311913126,-2778199228416.0,0.01,0.01,0.01,0.01,0.01,0.01,0.01,1.0,1.0,1.0,1.0,1.0,1.0,1.0,0.01,0.09475231,0.04865985,0.01,0.01,0.01,0.01,0.13355477,0.095247746,0.04529567,0.01,0.035222996,0.060298733,0.26082414,-0.2551435928407033,1.0867738107898657
1.89,-1219221760.0,0.2123690225473063,0.0509864427149295,1.8030405044555664e-05,-0.0897266119718551,-0.3219565029005455,-2778199228416.0,0.01,0.01,0.01,0.01,0.01,0.01,0.01,1.0,1.0,1.0,1.0,1.0,1.0,1.0,0.01,0.21236902,0.050986443,0.01,0.01,0.01,0.01,0.13355477,0.14843081,0.04923822,0.01,0.032580603,0.0547078,0.26082414,-0.2454083215395739,0.8428542052079875
1.9,-1219221760.0,0.2981651821164238,0.0679004937410354,-0.0109484791755676,-0.1004818975925445,-0.4003658592700958,-2778199228416.0,0.01,0.01,0.01,0.01,0.01,0.01,0.01,1.0,1.0,1.0,1.0,1.0,1.0,1.0,0.01,0.29816517,0.067900494,0.01,0.01,0.01,0.01,0.13355477,0.21583202,0.061581053,0.01,0.030230232,0.049801435,0.26082414,-0.239353154522678,0.3616466606537628
1.91,-1219221760.0,0.2810395263615395,0.0349746793508529,-0.0289261080324649,-0.0945467948913574,-0.3919898867607116,-2778199228416.0,0.01,0.01,0.01,0.01,0.01,0.01,0.01,1.0,1.0,1.0,1.0,1.0,1.0,1.0,0.01,0.28103954,0.03497468,0.01,0.01,0.01,0.01,0.13355477,0.25616723,0.05932985,0.01,0.028136175,0.04548194,0.26082414,-0.2394630413622156,-0.3481496697322708
1.92,-1219221760.0,0.2034552777779763,0.0306221190840005,-0.0572791509330272,-0.0690448507666587,-0.36796835064888,-2778199228416.0,0.01,0.01,0.01,0.01,0.01,0.01,0.01,1.0,1.0,1.0,1.0,1.0,1.0,1.0,0.01,0.20345528,0.03062212,0.01,0.01,0.01,0.01,0.13355477,0.2543244,0.056188583,0.01,0.026268035,0.041668937,0.26082414,-0.2467664595287287,-1.013404414668077
1.93,-1219221760.0,0.1387574774182372,0.0033707052934914,-0.0864470303058624,-0.0355444550514221,-0.3372672796249389,-2778199228416.0,0.01,0.01,0.01,0.01,0.01,0.01,0.01,1.0,1.0,1.0,1.0,1.0,1.0,1.0,0.01,0.13875748,0.01,0.01,0.01,0.01,0.01,0.13355477,0.23934959,0.051276136,0.01,0.02460102,0.03829845,0.26082414,-0.2588369407800305,-1.300948521970018
1.94,-1219221760.0,0.1017028414155372,-0.0371497869491577,-0.1359649747610092,0.0410569533705711,-0.1636211775752064,-2778199228416.0,0.01,0.01,0.01,0.01,0.01,0.01,0.01,1.0,1.0,1.0,1.0,1.0,1.0,1.0,0.01,0.10170284,0.01,0.01,0.041056953,0.01,0.01,0.13355477,0.21945243,0.0467801,0.01,0.03598963,0.035309944,0.26082414,-0.2715563276717804,-1.1953315231489914
1.95,-1219221760.0,-0.0246461852488516,-0.0722759068012237,-0.1625328660011291,-0.0093745589256286,0.0470832539753994,-2778199228416.0,0.01,0.01,0.01,0.01,0.01,0.01,0.01,1.0,1.0,1.0,1.0,1.0,1.0,1.0,0.01,0.01,0.01,0.01,0.01,0.047083255,0.01,0.13355477,0.19177769,0.042813938,0.01,0.034049876,0.03909484,0.26082414,-0.2816231853392971,-0.8242183151337653
1.96,-1219221760.0,-0.1276902854442596,-0.0864376202225685,-0.1574864536523819,0.046027522534132,0.1120139014129151,-2778199228416.0,0.01,0.01,0.01,0.01,0.01,0.01,0.01,1.0,1.0,1.0,1.0,1.0,1.0,1.0,0.01,0.01,0.01,0.01,0.046027523,0.1120139,0.01,0.13355477,0.16566738,0.039308082,0.01,0.041992303,0.07049724,0.26082414,-0.287167533472189,-0.3143793595264432
1.97,-1219221760.0,-0.1196036413311958,-0.0769633799791336,-0.1355425417423248,-0.0028455276042222,0.0897667357801353,-2778199228416.0,0.01,0.01,0.01,0.01,0.01,0.01,0.01,1.0,1.0,1.0,1.0,1.0,1.0,1.0,0.01,0.01,0.01,0.01,0.01,0.08976673,0.01,0.13355477,0.14424583,0.036199853,0.01,0.039420243,0.08433774,0.26082414,-0.2869563678970164,0.2878754446772862
1.98,-1219221760.0,-0.1078858599066734,-0.0479057729244232,-0.1044890359044075,-0.0032154805958271,-0.0050046667142656,-2778199228416.0,0.01,0.01,0.01,0.01,0.01,0.01,0.01,1.0,1.0,1.0,1.0,1.0,1.0,1.0,0.01,0.01,0.01,0.01,0.01,0.01,0.01,0.13355477,0.12651837,0.03344721,0.01,0.036304936,0.0788199,0.26082414,-0.2812315359705568,0.778518008575097
1.99,-1219221760.0,-0.0808258578181266,-0.0150809893384575,-0.0777600556612014,-0.0201938953250646,-0.0908821940291773,-2778199228416.0,0.01,0.01,0.01,0.01,0.01,0.01,0.01,1.0,1.0,1.0,1.0,1.0,1.0,1.0,0.01,0.01,0.01,0.01,0.01,0.01,0.01,0.13355477,0.11163585,0.031000357,0.01,0.03354054,0.07084433,0.26082414,-0.2719491143649288,1.0143155928863103
2.0,-1219221760.0,0.0148231473566288,0.0491544157266616,-0.0393311008810997,-0.0423106998205184,-0.1314599356822548,-2778199228416.0,0.01,0.01,0.01,0.01,0.01,0.01,0.01,1.0,1.0,1.0,1.0,1.0,1.0,1.0,0.01,0.014823147,0.049154416,0.01,0.01,0.01,0.01,0.13355477,0.09923974,0.043408345,0.01,0.03108073,0.0639065,0.26082414,-0.2614748427018895,1.049915530834599
2.01,-1219221760.0,0.1657330401309116,0.01473836787045,-0.0089358687400817,-0.0696578174829483,-0.2389448299377241,-2778199228416.0,0.01,0.01,0.01,0.01,0.01,0.01,0.01,1.0,1.0,1.0,1.0,1.0,1.0,1.0,0.01,0.16573304,0.014738368,0.01,0.01,0.01,0.01,0.13355477,0.123368256,0.04146471,0.01,0.028891576,0.057855293,0.26082414,-0.2515342890460286,0.9235191297726744
2.02,-1219221760.0,0.2470641374573484,0.0820751935243606,-0.0087359771132469,-0.0891043394804,-0.3887329995632171,-2778199228416.0,0.01,0.01,0.01,0.01,0.01,0.01,0.01,1.0,1.0,1.0,1.0,1.0,1.0,1.0,0.01,0.24706414,0.08207519,0.01,0.01,0.01,0.01,0.13355477,0.1781308,0.06858569,0.01,0.026943704,0.05256709,0.26082414,-0.2439253932909086,0.5767651343743776
2.03,-1219221760.0,0.3133703859077642,0.012821938842535,-0.0291596688330173,-0.0942988097667694,-0.3881288468837738,-2778199228416.0,0.01,0.01,0.01,0.01,0.01,0.01,0.01,1.0,1.0,1.0,1.0,1.0,1.0,1.0,0.01,0.31337038,0.012821939,0.01,0.01,0.01,0.01,0.13355477,0.24774635,0.06374549,0.01,0.025204847,0.047919407,0.26082414,-0.241322426821447,-0.0493940961957585
2.04,-1219221760.0,0.2329227707355829,0.0274391453713178,-0.0498079285025596,-0.0790631100535392,-0.373101532459259,-2778199228416.0,0.01,0.01,0.01,0.01,0.01,0.01,0.01,1.0,1.0,1.0,1.0,1.0,1.0,1.0,0.01,0.23292278,0.027439145,0.01,0.01,0.01,0.01,0.13355477,0.25847065,0.059541017,0.01,0.023650184,0.043820906,0.26082414,-0.2459479049815785,-0.8018677347147526
2.0500000000000003,-1219221760.0,0.1627935919225938,0.0115671064704656,-0.0713621750473976,-0.0477481111884117,-0.3459390997886657,-2778199228416.0,0.01,0.01,0.01,0.01,0.01,0.01,0.01,1.0,1.0,1.0,1.0,1.0,1.0,1.0,0.01,0.16279359,0.0115671065,0.01,0.01,0.01,0.01,0.13355477,0.24756959,0.054353796,0.01,0.02226039,0.04020204,0.26082414,-0.2570236892800037,-1.2999926437034008
2.06,-1219221760.0,0.114894093891408,-0.0246497578918933,-0.1203842610120773,0.0071144364774227,-0.2675405695653485,-2778199228416.0,0.01,0.01,0.01,0.01,0.01,0.01,0.01,1.0,1.0,1.0,1.0,1.0,1.0,1.0,0.01,0.11489409,0.01,0.01,0.01,0.01,0.01,0.13355477,0.22848293,0.04950153,0.01,0.021016326,0.03699787,0.26082414,-0.2707256615001383,-1.3796432626569686
2.0700000000000003,-1219221760.0,0.0373700287101267,-0.0671954900026321,-0.1629869043827057,0.0933849141001701,-0.0136409892435828,-2778199228416.0,0.01,0.01,0.01,0.01,0.01,0.01,0.01,1.0,1.0,1.0,1.0,1.0,1.0,1.0,0.01,0.03737003,0.01,0.01,0.093384914,0.01,0.01,0.13355477,0.20389916,0.045218274,0.01,0.071055084,0.034156732,0.26082414,-0.2836709494171884,-1.1638489584641811
2.08,-1219221760.0,-0.1182839094454857,-0.0961387306451797,-0.1741221249103546,-0.0853896737098693,0.1373296174767993,-2778199228416.0,0.01,0.01,0.01,0.01,0.01,0.01,0.01,1.0,1.0,1.0,1.0,1.0,1.0,1.0,0.01,0.01,0.01,0.01,0.01,0.13732962,0.01,0.13355477,0.17585893,0.041441176,0.01,0.06625264,0.083340466,0.26082414,-0.2922600209115971,-0.5227222002125601
2.09,-1219221760.0,-0.1312063932418823,-0.0964416936039924,-0.1545617580413818,-0.019134484231472,0.0758652334317134,-2778199228416.0,0.01,0.01,0.01,0.01,0.01,0.01,0.01,1.0,1.0,1.0,1.0,1.0,1.0,1.0,0.01,0.01,0.01,0.01,0.01,0.07586523,0.01,0.13355477,0.15271337,0.038097367,0.01,0.05991545,0.08247829,0.26082414,-0.2925871664765441,0.3941735114473555
2.1,-1219221760.0,-0.1143651455640792,-0.0612655356526374,-0.1126081496477127,-0.0068457350134849,0.0596364242867946,-2778199228416.0,0.01,0.01,0.01,0.01,0.01,0.01,0.01,1.0,1.0,1.0,1.0,1.0,1.0,1.0,0.01,0.01,0.01,0.01,0.01,0.059636425,0.01,0.13355477,0.1335996,0.035134237,0.01,0.054374218,0.085870944,0.26082414,-0.2844874430276108,1.1075512720047265
2.11,-1219221760.0,-0.075506642460823,-0.0142409736290574,-0.073658287525177,-0.0240004975348711,-0.062441725391753,-2778199228416.0,0.01,0.01,0.01,0.01,0.01,0.01,0.01,1.0,1.0,1.0,1.0,1.0,1.0,1.0,0.01,0.01,0.01,0.01,0.01,0.01,0.01,0.13355477,0.11760992,0.032501724,0.01,0.049508538,0.07736107,0.26082414,-0.2716254314147713,1.3758174900919202
2.12,-1219221760.0,-0.0266685932874679,0.0975057259202003,-0.0055062621831893,-0.0578370206058025,-0.1404415333821618,-2778199228416.0,0.01,0.01,0.01,0.01,0.01,0.01,0.01,1.0,1.0,1.0,1.0,1.0,1.0,1.0,0.01,0.01,0.097505726,0.01,0.01,0.01,0.01,0.13355477,0.10409509,0.07699125,0.01,0.045221608,0.06957638,0.26082414,-0.2579255044104298,1.3197172775504225
2.13,-1219221760.0,0.1237257085577197,-0.0111846374347805,0.015179693698883,-0.0878328084945678,-0.2014453581867269,-2778199228416.0,0.01,0.01,0.01,0.01,0.01,0.01,0.01,1.0,1.0,1.0,1.0,1.0,1.0,1.0,0.01,0.123725705,0.01,0.015179694,0.01,0.01,0.01,0.13355477,0.107631184,0.07231254,0.013659176,0.041435197,0.062801875,0.26082414,-0.2464258869740897,0.9731014807530204
2.14,-1219221760.0,0.2039198747613777,0.0502763465046882,-0.0467342287302017,-0.1024568825960159,-0.3468466909540622,-2778199228416.0,0.01,0.01,0.01,0.01,0.01,0.01,0.01,1.0,1.0,1.0,1.0,1.0,1.0,1.0,0.01,0.20391987,0.050276347,0.01,0.01,0.01,0.01,0.13355477,0.14884555,0.06927951,0.013537703,0.038086317,0.056888342,0.26082414,-0.2396531294529766,0.423730700850051
2.15,-1219221760.0,0.3104491018922406,0.0827641412615776,-0.0318791270256042,-0.0956758707761764,-0.3979913294315338,-2778199228416.0,0.01,0.01,0.01,0.01,0.01,0.01,0.01,1.0,1.0,1.0,1.0,1.0,1.0,1.0,0.01,0.3104491,0.08276414,0.01,0.01,0.01,0.01,0.13355477,0.22393195,0.07787774,0.013186649,0.035121027,0.05171266,0.26082414,-0.2385646474384513,-0.1537316936124073
2.16,-1219221760.0,0.2573520631271186,0.0442003794014453,-0.0484279170632362,-0.0723901391029357,-0.3745033740997314,-2778199228416.0,0.01,0.01,0.01,0.01,0.01,0.01,0.01,1.0,1.0,1.0,1.0,1.0,1.0,1.0,0.01,0.25735205,0.04420038,0.01,0.01,0.01,0.01,0.13355477,0.24938126,0.07481764,0.012870728,0.03248801,0.047163375,0.26082414,-0.2432347701294016,-0.717188826673547
2.17,-1219221760.0,0.1818511757569967,0.023526506498456,-0.0706432610750198,-0.0431245639920234,-0.3465606272220611,-2778199228416.0,0.01,0.01,0.01,0.01,0.01,0.01,0.01,1.0,1.0,1.0,1.0,1.0,1.0,1.0,0.01,0.18185118,0.023526506,0.01,0.01,0.01,0.01,0.13355477,0.24399412,0.06911944,0.012586453,0.030147023,0.043154895,0.26082414,-0.2526309056853745,-1.0746028917705326
2.18,-1219221760.0,0.1195181307697773,-0.0084655685350298,-0.1012412458658218,0.0020781680941581,-0.3046111762523651,-2778199228416.0,0.01,0.01,0.01,0.01,0.01,0.01,0.01,1.0,1.0,1.0,1.0,1.0,1.0,1.0,0.01,0.11951813,0.01,0.01,0.01,0.01,0.01,0.13355477,0.22764799,0.06253124,0.01233052,0.028061878,0.039612755,0.26082414,-0.2637191761330765,-1.0970646473993484
2.19,-1219221760.0,0.0903604879399554,-0.0404901653528213,-0.1334888637065887,0.0717927366495132,-0.1191606915721976,-2778199228416.0,0.01,0.01,0.01,0.01,0.01,0.01,0.01,1.0,1.0,1.0,1.0,1.0,1.0,1.0,0.01,0.090360485,0.01,0.01,0.07179274,0.01,0.01,0.13355477,0.20833233,0.056659006,0.012100039,0.058080465,0.036475483,0.26082414,-0.2738480393835242,-0.903824519138164
2.2,-1219221760.0,-0.0301145207897822,-0.0607366822659969,-0.1457804143428802,-0.0407311469316482,0.0357557868273025,-2778199228416.0,0.01,0.01,0.01,0.01,0.01,0.01,0.01,1.0,1.0,1.0,1.0,1.0,1.0,1.0,0.01,0.01,0.01,0.01,0.01,0.035755787,0.01,0.13355477,0.18233466,0.051509757,0.01189238,0.054628078,0.035166305,0.26082414,-0.2807011533198604,-0.4798179965851243
2.21,-1219221760.0,-0.11958609521389,-0.0620973668992519,-0.1363145858049392,-0.0083662504330277,0.147431015185139,-2778199228416.0,0.01,0.01,0.01,0.01,0.01,0.01,0.01,1.0,1.0,1.0,1.0,1.0,1.0,1.0,0.01,0.01,0.01,0.01,0.01,0.14743102,0.01,0.13355477,0.15798306,0.04698411,0.011705387,0.049726978,0.0898058,0.26082414,-0.2826850220014789,0.0420813675002792
2.22,-1219221760.0,-0.1094391345977783,-0.044217549264431,-0.1130901351571083,0.0045953039079904,0.0325049026703277,-2778199228416.0,0.01,0.01,0.01,0.01,0.01,0.01,0.01,1.0,1.0,1.0,1.0,1.0,1.0,1.0,0.01,0.01,0.01,0.01,0.01,0.0325049,0.01,0.13355477,0.13792954,0.04299354,0.011536917,0.045412593,0.086185984,0.26082414,-0.279360995717599,0.5557121903554191
2.23,-1219221760.0,-0.0891598984599113,-0.0164767298847436,-0.0852177143096923,-0.0055654942989349,-0.0248177062535827,-2778199228416.0,0.01,0.01,0.01,0.01,0.01,0.01,0.01,1.0,1.0,1.0,1.0,1.0,1.0,1.0,0.01,0.01,0.01,0.01,0.01,0.01,0.01,0.13355477,0.12123083,0.03946937,0.011385232,0.04160811,0.078334585,0.26082414,-0.2718393812725391,0.8777465692890696
2.24,-1219221760.0,-0.0599904134869575,0.0268930681049823,-0.0595269426703453,-0.0256353542208671,-0.1076316669095592,-2778199228416.0,0.01,0.01,0.01,0.01,0.01,0.01,0.01,1.0,1.0,1.0,1.0,1.0,1.0,1.0,0.01,0.01,0.026893068,0.01,0.01,0.01,0.01,0.13355477,0.107156195,0.03797015,0.0112485085,0.038241282,0.070417814,0.26082414,-0.2623651580415924,0.9807088327401636
2.25,-1219221760.0,0.0248381675409874,0.0839318558573722,-0.0215766914188861,-0.0481589548289775,-0.1431277252711918,-2778199228416.0,0.01,0.01,0.01,0.01,0.01,0.01,0.01,1.0,1.0,1.0,1.0,1.0,1.0,1.0,0.01,0.024838168,0.083931856,0.01,0.01,0.01,0.01,0.13355477,0.09591598,0.06932434,0.011125285,0.03525645,0.063536145,0.26082414,-0.2525976397904271,0.9489793831405958
2.26,-1219221760.0,0.1600499870870278,0.0061546270735561,-0.0074488446116447,-0.0707661658525466,-0.2480825410094396,-2778199228416.0,0.01,0.01,0.01,0.01,0.01,0.01,0.01,1.0,1.0,1.0,1.0,1.0,1.0,1.0,0.01,0.16004999,0.01,0.01,0.01,0.01,0.01,0.13355477,0.11928065,0.06499236,0.011014326,0.032608245,0.057536125,0.26082414,-0.2441214433186981,0.7320908984818505
2.27,-1219221760.0,0.2438954355225601,0.0480270162224769,-0.0215726867318153,-0.0836958885192871,-0.3899111151695251,-2778199228416.0,0.01,0.01,0.01,0.01,0.01,0.01,0.01,1.0,1.0,1.0,1.0,1.0,1.0,1.0,0.01,0.24389544,0.048027016,0.01,0.01,0.01,0.01,0.13355477,0.1747448,0.0626462,0.010914364,0.030253854,0.0522828,0.26082414,-0.2388722669311066,0.3282266743963605
2.28,-1219221760.0,0.2981860981987836,0.0681776329874992,-0.0312005765736103,-0.0816558375954628,-0.3822164833545685,-2778199228416.0,0.01,0.01,0.01,0.01,0.01,0.01,0.01,1.0,1.0,1.0,1.0,1.0,1.0,1.0,0.01,0.2981861,0.06817763,0.01,0.01,0.01,0.01,0.13355477,0.23846528,0.06618209,0.010824203,0.028154997,0.047661852,0.26082414,-0.2383829484257315,-0.1949967741875102
2.29,-1219221760.0,0.2163742981256772,0.039370484650135,-0.0537829138338565,-0.0641668438911438,-0.3634566962718963,-2778199228416.0,0.01,0.01,0.01,0.01,0.01,0.01,0.01,1.0,1.0,1.0,1.0,1.0,1.0,1.0,0.01,0.2163743,0.039370485,0.01,0.01,0.01,0.01,0.13355477,0.24655081,0.063632265,0.010743004,0.026284842,0.04359363,0.26082414,-0.2434828434368896,-0.7628439625679471
2.3000000000000003,-1219221760.0,0.1505649665030595,0.0160542968660593,-0.0767951756715774,-0.0399816446006298,-0.3404192328453064,-2778199228416.0,0.01,0.01,0.01,0.01,0.01,0.01,0.01,1.0,1.0,1.0,1.0,1.0,1.0,1.0,0.01,0.15056497,0.016054297,0.01,0.01,0.01,0.01,0.13355477,0.23579043,0.058516692,0.01066984,0.024615645,0.040000863,0.26082414,-0.2532960655665018,-1.1123000992742589
2.31,-1219221760.0,0.1105624287358504,-0.0157863795757293,-0.1134592294692993,0.0136648416519165,-0.2655109407114323,-2778199228416.0,0.01,0.01,0.01,0.01,0.01,0.01,0.01,1.0,1.0,1.0,1.0,1.0,1.0,1.0,0.01,0.11056243,0.01,0.01,0.013664842,0.01,0.01,0.13355477,0.21811567,0.05319814,0.010603877,0.023465376,0.036819045,0.26082414,-0.2647879610124327,-1.1435283701521572
2.3200000000000003,-1219221760.0,0.0434150725219346,-0.0494663715362548,-0.1452705562114715,0.0689219459891319,-0.0399009680500936,-2778199228416.0,0.01,0.01,0.01,0.01,0.01,0.01,0.01,1.0,1.0,1.0,1.0,1.0,1.0,1.0,0.01,0.043415073,0.01,0.01,0.068921946,0.01,0.01,0.13355477,0.19632825,0.0484719,0.0105444295,0.054858193,0.033997126,0.26082414,-0.2754560012933514,-0.9611569214144556
2.33,-1219221760.0,-0.1077489793210897,-0.071648471057415,-0.1547299176454544,-0.0549525246024131,0.1101961953090987,-2778199228416.0,0.01,0.01,0.01,0.01,0.01,0.01,0.01,1.0,1.0,1.0,1.0,1.0,1.0,1.0,0.01,0.01,0.01,0.01,0.01,0.110196196,0.01,0.13355477,0.16984169,0.04431036,0.010490856,0.051790256,0.066619724,0.26082414,-0.282807120317928,-0.5021612217199302
2.34,-1219221760.0,-0.12542025744915,-0.0736215859651565,-0.1421432197093963,-0.0154390959069132,0.0873953258555968,-2778199228416.0,0.01,0.01,0.01,0.01,0.01,0.01,0.01,1.0,1.0,1.0,1.0,1.0,1.0,1.0,0.01,0.01,0.01,0.01,0.01,0.087395325,0.01,0.13355477,0.14774974,0.04063454,0.010442552,0.0472333,0.075259596,0.26082414,-0.2842758886944951,0.1657761052647031
2.35,-1219221760.0,-0.1157404482364654,-0.0510575920343399,-0.112680546939373,-0.0048671895638108,0.0533639435270042,-2778199228416.0,0.01,0.01,0.01,0.01,0.01,0.01,0.01,1.0,1.0,1.0,1.0,1.0,1.0,1.0,0.01,0.01,0.01,0.01,0.01,0.053363945,0.01,0.13355477,0.12944618,0.037381575,0.010399009,0.043216806,0.07911443,0.26082414,-0.2792468367603984,0.7535696394681874
2.36,-1219221760.0,-0.0899458080530166,-0.0170274749398231,-0.0815157368779182,-0.0171254016458988,-0.0577642155616474,-2778199228416.0,0.01,0.01,0.01,0.01,0.01,0.01,0.01,1.0,1.0,1.0,1.0,1.0,1.0,1.0,0.01,0.01,0.01,0.01,0.01,0.01,0.01,0.13355477,0.11411272,0.034497622,0.010359764,0.039668635,0.07148426,0.26082414,-0.269829301364236,1.053129425844424
2.37,-1219221760.0,-0.0546217039227485,0.0431955941021442,-0.0435765087604522,-0.0389755144715309,-0.128378482634408,-2778199228416.0,0.01,0.01,0.01,0.01,0.01,0.01,0.01,1.0,1.0,1.0,1.0,1.0,1.0,1.0,0.01,0.01,0.043195594,0.01,0.01,0.01,0.01,0.13355477,0.101123385,0.040353876,0.010324354,0.03652349,0.064468175,0.26082414,-0.2588887602518191,1.0990826226463115
2.38,-1219221760.0,0.0936692744296927,0.0479306541383266,-0.0054699927568435,-0.0670841112732887,-0.1801180996457634,-2778199228416.0,0.01,0.01,0.01,0.01,0.01,0.01,0.01,1.0,1.0,1.0,1.0,1.0,1.0,1.0,0.01,0.09366927,0.047930654,0.01,0.01,0.01,0.01,0.13355477,0.09425525,0.045599714,0.010292382,0.033728115,0.05833684,0.26082414,-0.248352313902995,1.0034059121735184
2.39,-1219221760.0,0.2098686080567465,0.0609030313789844,-0.0029156431555747,-0.0880143195390701,-0.3233164471473426,-2778199228416.0,0.01,0.01,0.01,0.01,0.01,0.01,0.01,1.0,1.0,1.0,1.0,1.0,1.0,1.0,0.01,0.20986861,0.06090303,0.01,0.01,0.01,0.01,0.13355477,0.14673921,0.05594151,0.010263636,0.031251516,0.0529882,0.26082414,-0.2394044764128889,0.7695679808090136
2.4,-1219221760.0,0.2959729760201207,0.0464797839522361,-0.0095329023897647,-0.0979563444852829,-0.3979537487030029,-2778199228416.0,0.01,0.01,0.01,0.01,0.01,0.01,0.01,1.0,1.0,1.0,1.0,1.0,1.0,1.0,0.01,0.29597297,0.046479784,0.01,0.01,0.01,0.01,0.13355477,0.21417344,0.055497054,0.010237718,0.029046942,0.04828979,0.26082414,-0.2340730173026717,0.2916121423123721
2.41,-1219221760.0,0.2754343479889863,0.0610142052173614,-0.0403510741889476,-0.0917182713747024,-0.3892855048179626,-2778199228416.0,0.01,0.01,0.01,0.01,0.01,0.01,0.01,1.0,1.0,1.0,1.0,1.0,1.0,1.0,0.01,0.27543435,0.061014205,0.01,0.01,0.01,0.01,0.13355477,0.25293145,0.05917292,0.010214327,0.0270798,0.044145957,0.26082414,-0.2347151297606095,-0.3736467128361125
